10467341
68393841
5281576
58972155
84606861
37619918
2886492
1872476
1366476
5573963
85372277
220307823
146150124
84054900
1400743456
279118895
104625387
294062
112892750
335892658
100299960
52695887
95369935
51293919
123999906
129625833
40769630
11743013
743686
616490
28301947
26923339
2233259
6142160
19051513
2512748
519562
918095
10900530
8960794
9583961
9159952
5424665
2123090
3277059
3855612
2761773
6931005
11850203
10413921
6445451
6641165
41720051
3444245
46654409
19960812
12005982
6109611
33725762
16938964
26821417
55770161
28088815
5633385
18143361
43323959
22922971
5489993
9879983
11515979
4670709
2656030
62027431
3022368
2410312
32419707
15178956
21507716
22036993
7498099
5917599
445398
3457512
20075174
3694584
10151500
2993791
34094023
169828885
241499381
34262792
11089500
2825543
3205687
1832682
616686
41984438
14746463
107333956
3748891
1001449
51525967
1762213
5113049
31888679
61741089
45561984
13246388
12837735
19610733
17414685
223799939
25369381
22752298
22395444
4475653
18275725
13261616
29164565
66090431
33379474
7057817
10077588
36963227
7099982
4064771
5262216
6733745
9745135
6884882
17602416
397476
10760022
383724
1781303
2417468
5248608
672017
8494254
29389127
30832003
8095490
12606978
56851
397353
1367508

1354659
1558154
893466
301292
1236123
23420437
515130
5483442
267799
112577
178694
866109
100770
1577058
382833
38366
491233
227379
1261041
758315
270371
205556
279889
100446
64055
16733
105753
11680
153835
47328
49709
15039
120740
683699

11369
1647
10679
42418

268507

859959
5651
506109

54547
71105
46130


47
29
770271
85099
9200570
17091450
11820097
1409668132
67406
5961236
7442974
2305996
37021945
5305581
17967479
11781536
5550160
9282404
32175129
1688
734884
48592840
10549238
67596176
100177
25659985

148925


360935
45399912
