1976;1974;1969;1964;1965;1969;1962;1960;1974;1993;2008;2017;2026;2029;2038;2043;2049;
1099;1101;1101;1094;1085;1067;1027;994;950;923;895;881;852;844;842;843;848;
2037;2035;2039;2042;2043;2047;2060;
1024;1018;1010;998;975;966;961;
2005;1998;1990;1972;1961;1960;1963;1972;1981;
1170;1163;1152;1141;1106;1091;1077;1068;1063;
2080;2086;2112;2128;2152;2168;2180;2188;2193;
1108;1111;1109;1098;1084;1067;1051;1048;1048;
2193;2188;2172;2150;2136;2132;
1048;1045;1042;1040;1031;1023;
2152;2155;2164;2179;2192;2205;2209;2213;2220;2229;2233;2240;2245;2251;
1027;1030;1033;1030;1028;1031;1042;1057;1066;1088;1118;1126;1126;1124;
2198;2198;2200;2207;2213;2214;2212;2208;2203;2197;2183;2178;2167;2160;2154;2152;
1091;1092;1097;1099;1092;1083;1070;1063;1060;1060;1054;1046;1036;1035;1032;1027;
2114;2121;2131;2148;2156;2179;2200;2213;2215;2213;
1058;1061;1069;1081;1097;1115;1117;1121;1125;1129;
2213;2217;2221;2224;2229;2232;2242;2263;2295;2325;2355;2391;2435;2458;2491;2501;2518;2527;
1129;1126;1125;1126;1134;1146;1165;1175;1185;1179;1177;1182;1192;1194;1188;1176;1164;1163;
2527;2520;2513;2502;
1163;1158;1158;1154;
2502;2504;2508;2512;2515;2515;
1154;1154;1152;1147;1139;1129;
2486;2483;2473;2465;2440;2424;2398;2382;2365;2351;2342;2333;2327;2320;2319;2325;
1155;1153;1152;1156;1161;1162;1160;1158;1148;1134;1118;1103;1092;1076;1062;1060;
2324;2320;2315;2304;2291;2279;2269;2260;2254;2251;2242;
1059;1058;1053;1046;1038;1029;1018;1008;1001;993;991;
2241;2247;2251;2257;2269;2277;2283;2286;2289;
991;996;1002;1008;1022;1025;1023;1022;1019;
2241;2242;2244;2246;2252;2260;2264;2269;2279;2289;2291;2299;2310;2314;2317;2316;2309;2298;2281;2259;2243;2245;
991;994;1001;1007;1013;1020;1031;1039;1044;1046;1052;1059;1065;1070;1077;1083;1106;1121;1147;1161;1180;1191;
2245;2239;2235;2230;2226;2227;2225;2220;2220;2229;
1191;1184;1172;1149;1136;1119;1097;1073;1055;1044;
2197;2199;2205;2210;2216;2226;2236;2252;2269;2275;2276;2277;2280;2293;2324;2337;2374;2411;2431;2444;2453;
1008;1013;1019;1029;1039;1052;1071;1083;1093;1098;1105;1117;1126;1135;1147;1156;1172;1180;1187;1202;1215;
2452;2451;2444;2433;2418;2413;2414;2410;2403;2395;2399;2405;2408;2412;2416;2428;2435;2439;
1215;1207;1190;1170;1152;1141;1130;1123;1117;1098;1086;1080;1078;1075;1072;1068;1067;1065;
2371;2372;2374;2377;2380;2387;2403;2415;2422;2431;2461;2478;2483;2482;
1111;1113;1116;1118;1127;1136;1143;1152;1163;1169;1175;1186;1208;1214;
2482;2486;2496;2505;2510;2517;2515;
1214;1211;1199;1184;1173;1152;1129;
2416;2414;2412;2407;2400;2401;2404;2407;2413;2418;2422;2430;2452;2480;2503;2521;2526;2530;
1103;1101;1099;1098;1099;1105;1115;1119;1124;1134;1139;1147;1147;1143;1141;1135;1131;1129;
2462;2463;2460;2455;2453;2453;2456;2453;
1127;1132;1140;1148;1165;1184;1201;1215;
2484;2485;2487;2489;2493;2496;2500;2509;2518;2527;2545;2558;2577;2591;2608;2614;2623;2652;2673;2703;2752;2816;2874;2923;2955;2972;2987;3003;
1236;1239;1243;1247;1254;1258;1263;1271;1285;1303;1340;1360;1394;1415;1451;1469;1479;1483;1472;1462;1457;1457;1466;1477;1481;1479;1476;1474;
3003;2982;2959;2936;2920;2907;2885;2862;2823;2808;2802;2801;
1474;1467;1460;1427;1394;1365;1348;1332;1320;1317;1320;1323;
2800;2799;2796;2790;2785;2780;2772;
1323;1317;1311;1301;1290;1282;1279;
2772;2771;2767;2753;2731;2713;2702;2684;
1279;1283;1288;1292;1284;1271;1254;1231;
2672;2680;2686;2695;2702;2708;2718;2738;2750;2760;2770;2774;2777;2780;2785;2794;2807;2822;2828;2827;2820;2799;2771;2735;2698;2683;2665;2649;2628;2621;2609;2595;2581;2571;2559;2547;2541;2527;2517;2510;2503;2498;2494;2491;2486;2484;
1241;1241;1245;1252;1262;1272;1280;1290;1294;1294;1288;1284;1283;1285;1292;1304;1312;1325;1342;1359;1381;1411;1428;1444;1457;1465;1472;1479;1478;1475;1463;1448;1429;1408;1389;1359;1341;1314;1290;1276;1266;1260;1256;1250;1242;1236;
2568;2569;2568;2565;2556;2554;2555;2565;
1434;1428;1418;1405;1388;1373;1362;1351;
2565;2559;2548;2537;2527;2518;2501;
1351;1347;1330;1310;1286;1273;1270;
2245;2251;2263;2286;2310;2337;2349;2362;2372;2379;2381;
1191;1186;1185;1187;1188;1184;1171;1152;1143;1143;1147;
2381;2381;2377;2374;2376;2377;2376;2373;2371;
1147;1142;1134;1125;1119;1115;1112;1111;1111;
2427;2423;2414;2408;2402;2396;2391;2378;2370;2366;2366;
1136;1134;1129;1123;1118;1105;1090;1086;1081;1074;1070;
2366;2365;2367;2370;2376;2388;2398;2402;2410;2414;2416;
1070;1075;1079;1083;1086;1086;1088;1093;1098;1102;1103;
2366;2367;2368;2370;2373;2376;2381;2384;2390;2392;2395;2404;2408;2411;2416;2422;
1091;1092;1092;1093;1093;1090;1088;1090;1094;1102;1110;1113;1112;1115;1120;1122;
1975;1975;1973;1966;1947;1905;1887;1876;1876;1878;
1099;1100;1103;1105;1106;1122;1139;1166;1179;1189;
1878;1873;1862;1839;1796;1774;1767;1766;
1189;1184;1179;1171;1164;1148;1129;1117;
1766;1768;1776;1789;1797;1816;1834;1858;1893;1913;1938;1960;1980;
1117;1122;1125;1128;1126;1121;1111;1106;1096;1084;1066;1063;1062;
1980;1974;1970;1967;1962;1953;1946;1939;1940;1947;1960;1971;1974;
1062;1058;1047;1034;1014;993;951;918;891;876;862;856;852;
1974;1972;1968;1962;1958;1958;1967;1982;2003;2013;2025;2030;
852;857;860;866;874;885;898;907;922;937;942;941;
2030;2027;2020;2022;2032;2049;2077;2095;2104;2111;2113;2110;2096;2088;2079;2072;2063;2057;2053;2051;2048;
941;940;933;919;913;908;903;898;892;878;864;853;840;827;818;803;797;795;796;797;798;
2048;2051;2053;2058;2077;2092;2112;2147;2174;2196;2207;2216;2218;2218;2220;
797;797;796;795;794;788;779;774;766;755;744;736;728;722;718;
2219;2218;2218;2218;2221;2226;2230;2237;2239;2242;2244;2245;2252;2264;2286;2304;2317;2324;2321;2316;
718;721;726;735;746;760;772;783;790;794;799;807;814;822;820;811;810;819;824;827;
2316;2319;2325;2329;2334;2340;2342;2344;2347;2352;2358;2377;2404;2427;2436;2438;
827;827;824;816;810;795;783;770;755;739;732;724;718;710;703;701;
2438;2436;2432;2424;2411;2394;2390;
701;705;712;718;720;722;726;
2390;2388;2389;2392;2393;
726;722;718;715;711;
2393;2389;2382;2361;2343;2332;2330;
711;715;718;721;721;718;714;
2330;2329;2328;2324;2319;2315;2313;
714;718;726;728;728;728;727;
2313;2314;2317;2321;2324;2319;2310;2310;
727;728;728;732;740;749;757;765;
2310;2306;2304;2302;2292;2280;2270;2262;2247;2244;2245;2248;
764;765;771;781;803;805;807;811;811;809;803;802;
2247;2245;2244;2243;2244;2242;2233;2225;2219;
802;803;806;814;820;823;828;833;835;
2219;2223;2230;2239;2253;2274;2290;2300;2311;2327;2334;2343;2348;2356;2377;2396;2417;2441;2451;2459;
835;833;828;823;821;820;817;811;804;788;772;751;734;729;721;717;711;712;713;716;
2458;2455;2448;2436;2417;2404;2394;2381;2370;2349;2339;2321;2311;2302;2298;2289;2273;2261;2249;2245;2244;2242;2239;2235;2227;2221;2213;2202;2185;2169;2155;2147;2129;2132;2136;2138;
716;715;713;713;712;715;718;722;725;728;733;741;750;769;783;800;804;810;809;807;801;794;792;787;775;757;755;760;768;781;807;826;849;872;880;882;
2138;2135;2132;2125;2120;2112;2102;2093;2086;2083;2080;2062;
882;881;877;872;862;851;844;831;817;798;785;777;
2062;2074;2081;2097;2116;2130;2146;2176;2200;2220;2245;2262;2277;2288;
776;773;763;731;715;687;659;632;608;576;544;531;525;524;
2287;2278;2266;2257;2247;2242;2245;2256;2270;2278;2305;2327;2352;2372;2416;2442;2474;2480;2480;2474;2466;
524;526;530;537;537;530;520;513;500;491;478;470;459;448;437;438;452;461;473;479;484;
2466;2473;2483;2501;2521;2545;2562;2582;2598;2604;2599;2587;2573;2548;2531;2533;2537;
484;482;478;478;487;495;505;517;532;548;560;573;580;583;601;613;626;
2537;2534;2528;2524;2517;2505;2495;2488;
627;620;607;584;573;565;561;552;
2054;2052;2051;2050;2047;2044;2038;2032;2016;2007;1987;1965;1905;1855;1790;1714;1611;1516;1460;1380;1284;1235;1196;1161;1133;1103;
882;883;883;886;887;886;885;885;898;905;915;918;932;947;955;963;957;964;988;1023;1055;1094;1156;1198;1210;1198;
1175;1175;1179;1191;1214;1227;1238;1271;1299;1361;1417;1467;1546;1627;1670;1761;1799;1896;1936;1975;1992;2013;2031;2043;2066;2078;2097;2108;2108;2103;2097;2090;
1076;1078;1086;1093;1091;1083;1079;1071;1063;1051;1042;1031;1021;1020;1022;1026;1022;1011;1000;965;939;920;911;908;904;902;896;888;882;882;882;881;
2004;1996;1983;1952;1930;1891;1850;1830;1830;1836;1843;1848;1874;
1169;1169;1169;1179;1194;1221;1238;1266;1307;1351;1396;1427;1445;
1792;1801;1812;1826;1856;1874;
1441;1441;1438;1437;1440;1446;
1793;1801;1811;1819;1824;1840;1866;1882;1891;1896;
1440;1439;1431;1414;1367;1328;1297;1266;1256;1259;
1896;1898;1911;1924;1938;1951;1964;1981;1997;2005;
1258;1251;1227;1216;1200;1187;1169;1146;1132;1127;
2005;2004;2006;2011;2018;2024;2039;2062;2076;2084;2091;2095;2100;2115;2136;2156;2180;2186;2195;2197;
1127;1132;1139;1142;1143;1141;1138;1136;1130;1125;1116;1102;1089;1073;1062;1054;1039;1031;1016;1007;
2193;2189;2177;2166;2154;2142;2134;2131;2126;
1048;1047;1049;1051;1063;1084;1100;1110;1131;
2126;2133;2145;2169;2199;2220;2235;2251;2266;2274;2276;2272;
1131;1126;1120;1116;1111;1117;1126;1130;1135;1135;1129;1127;
2273;2279;2287;2306;2323;2341;2362;2375;2393;2425;2446;2480;2503;2515;
1127;1125;1122;1120;1127;1136;1153;1164;1168;1173;1177;1178;1184;1190;
2515;2513;2504;2486;2474;2468;2467;2466;2462;
1190;1182;1172;1167;1161;1152;1140;1133;1127;
2332;2331;2334;2350;2373;2402;2420;2450;2470;2505;2514;
1201;1197;1190;1184;1184;1190;1193;1197;1196;1190;1190;
2261;2259;2264;2264;2257;2252;
1067;1073;1080;1097;1106;1111;
2252;2252;2244;2234;2228;2219;2210;2205;2198;2197;
1111;1104;1091;1081;1069;1051;1034;1026;1016;1007;
2198;2198;2199;2202;2211;2216;2213;
1090;1092;1097;1105;1113;1122;1128;
2259;2257;2249;2242;2236;2236;2243;2250;2252;
1140;1138;1134;1129;1116;1110;1105;1105;1111;
2214;2218;2228;2246;2270;2292;2305;2314;2320;2320;2317;2310;2300;2294;
1167;1169;1170;1166;1162;1158;1147;1135;1120;1084;1073;1063;1058;1061;
2294;2295;2299;2304;2308;
1060;1054;1045;1040;1036;
2308;2300;2292;2279;2268;2257;2247;2241;
1036;1037;1037;1037;1028;1019;1010;1010;
2241;2243;2247;2250;2252;2255;
1009;1006;1002;993;986;984;
2241;2242;2246;2252;2260;2269;2276;2291;2302;2313;2317;2321;2338;2359;2373;2381;
991;993;1000;1007;1017;1024;1031;1043;1052;1059;1069;1086;1123;1139;1139;1147;
2360;2358;2357;2345;2322;2290;2272;2259;2244;
1127;1128;1133;1145;1152;1182;1189;1186;1190;
2332;2323;2310;2295;2276;2256;2241;2222;2217;2215;2216;2220;2228;
1201;1195;1185;1172;1165;1150;1137;1100;1082;1067;1057;1048;1044;
2080;2089;2093;2096;2106;2120;2137;2165;2187;2192;
1108;1106;1101;1087;1076;1066;1059;1062;1061;1066;
2192;2189;2183;2167;2143;2135;2131;
1066;1061;1056;1049;1047;1040;1024;
2114;2114;2114;2109;2112;2117;2118;
1058;1063;1071;1086;1094;1094;1088;
2118;2119;2121;2122;2125;2126;
1088;1093;1102;1113;1118;1131;
2034;2036;2046;2060;2077;2090;2109;2149;2175;2193;2203;
1132;1135;1140;1142;1137;1131;1126;1122;1121;1119;1123;
2005;1993;1972;1931;1861;1814;1773;1725;1678;1596;1530;1422;1348;1317;1264;1223;1216;
1127;1130;1135;1140;1138;1139;1149;1163;1191;1219;1224;1242;1274;1300;1333;1366;1381;
1195;1187;1180;1166;1154;1134;1105;1086;
1396;1395;1393;1388;1387;1386;1378;1386;
1086;1089;1099;1106;1123;1137;
1386;1374;1370;1369;1370;1374;
1074;1076;1088;1103;1108;1111;1118;1112;1095;1085;
1337;1330;1322;1315;1299;1279;1253;1239;1232;1230;
1086;1113;1138;1212;1245;1267;1277;1282;
1230;1227;1226;1221;1207;1194;1195;1202;
1282;1286;1294;1330;1370;1434;1472;1517;1586;1668;1756;1852;1893;1920;1950;1991;2013;2019;2024;2032;2042;2049;
1202;1195;1190;1171;1162;1144;1099;1072;1050;1034;1012;970;947;916;901;886;876;864;846;839;839;848;
2015;2017;2019;2021;2020;2013;2008;2009;2012;2019;2026;2036;
849;851;855;869;883;905;936;959;979;995;1006;1023;
1983;1981;1982;1987;2002;2020;2022;2030;
1025;1019;1013;1002;989;975;959;940;
2059;2055;2036;1995;1971;1914;1883;1838;1763;1628;1549;1440;1394;1362;1332;1302;1289;1272;1250;1240;1226;1220;1215;
961;966;975;984;990;995;1000;1008;1006;997;998;1016;1000;971;954;932;924;925;937;943;960;966;969;
1174;1177;1187;1220;1244;1267;1290;1326;1355;1389;1414;1439;1446;1436;
1076;1081;1082;1076;1059;1043;1033;1019;998;986;982;979;965;959;
1436;1469;1492;1529;1606;1713;1812;1865;1949;2013;2036;2053;2071;2090;2106;
959;957;947;930;908;895;897;900;910;923;923;911;908;902;896;
2105;2105;2108;2113;2118;2123;2132;2143;2143;2140;2141;2149;2163;2182;2207;2229;2245;2256;2267;2286;
896;892;889;881;863;847;830;793;767;727;697;666;648;633;610;575;558;541;530;523;
1819;1806;1796;1797;1825;1872;1915;1996;2046;2073;2107;2134;2178;2206;2219;2228;2228;2222;2213;
625;624;630;653;681;695;697;703;713;727;747;761;761;752;752;773;788;795;793;
2231;2228;2222;2218;2203;2192;2178;2163;2134;2117;2094;2077;2062;
759;759;754;749;748;754;758;758;757;760;768;775;776;
2062;2068;2070;2070;2065;2053;2016;1985;1961;1962;1977;1983;
776;770;759;739;729;723;715;730;760;800;823;832;
2004;2005;2003;1994;1989;1978;1961;1944;1925;1897;1868;1855;1853;
814;809;802;786;772;748;735;715;685;663;656;646;640;
1819;1811;1798;1771;1727;1695;1651;1577;1506;1451;1439;1443;1454;
625;621;618;619;634;660;692;729;728;687;653;635;628;
1454;1449;1440;1427;1384;1347;1343;1362;1405;1417;1409;1395;1379;1370;1347;1322;1301;1294;
628;637;652;671;696;735;764;794;827;861;877;886;895;902;928;938;937;938;
1294;1308;1325;1350;1367;1383;1416;1454;1490;1548;1642;1711;1753;1766;
938;942;955;967;988;1008;1050;1088;1115;1132;1148;1140;1128;1117;
1895;1905;1920;1953;1967;
1258;1245;1236;1229;1222;
1966;1955;1937;1912;1890;1865;1857;1854;1854;1861;1884;1918;
1222;1234;1245;1275;1297;1337;1385;1423;1462;1505;1523;1516;
1550;1564;1581;1602;1629;1638;1641;1654;1674;1689;1696;1713;1747;1784;1796;1792;
1957;1969;1970;1958;1919;1881;1845;1808;1771;1739;1663;1574;1510;1477;1456;1440;
1261;1262;1270;1294;1316;1338;1362;1430;1486;1512;1557;1606;1671;1709;1766;1854;1989;2085;2145;2195;2243;2297;2353;2354;
1504;1492;1487;1487;1492;1490;1490;1520;1547;1584;1625;1653;1689;1733;1770;1801;1828;1852;1906;1995;2101;2152;2147;2127;
2308;2296;2280;2269;2237;2201;2132;2085;1968;1826;1698;1595;1541;1495;1430;1393;1374;1366;
2121;2116;2109;2096;2080;2076;2084;2104;2139;2140;2119;2134;2155;2164;2159;2140;2130;2129;
1393;1399;1409;1426;1450;1481;1513;1532;1540;1546;1546;1549;
2134;2148;2154;2145;2132;2112;2094;2068;2032;1994;1968;1957;
1254;1269;1295;1308;1328;1360;1374;1400;1393;1380;1370;
2320;2319;2307;2288;2255;2232;2215;2174;2149;2135;2134;
1366;1373;1386;1405;1425;1459;1509;1537;1579;1613;1651;1700;1753;1814;1880;1891;1850;1829;1823;1818;1835;1857;1902;1942;1978;2005;
2129;2131;2139;2162;2171;2160;2120;2094;2053;2000;1941;1898;1847;1780;1667;1589;1522;1479;1425;1343;1294;1241;1194;1156;1140;1127;
1488;1498;1532;1561;1631;1701;1751;1784;1850;1966;2033;2078;2117;2135;2131;2120;2116;
2020;2019;2027;2040;2066;2063;2045;2038;2023;1975;1917;1840;1782;1699;1630;1575;1558;
2117;2125;2132;2145;2167;2184;2205;
1558;1569;1586;1606;1612;1609;1606;
2192;2184;2172;2144;2116;2066;2036;1984;1956;1922;1917;1923;
1594;1591;1591;1592;1598;1598;1592;1594;1584;1562;1540;1530;
2125;2132;2140;2166;2185;2181;2185;2195;2219;2228;2247;
1557;1574;1591;1609;1625;1649;1675;1693;1724;1744;1760;
905;911;917;928;955;1005;1057;1088;1111;1126;1138;1146;1178;1232;1281;1320;1371;1479;1588;1661;1729;1799;1881;1922;1958;1985;2005;
1386;1382;1372;1358;1343;1329;1323;1316;1310;1304;1304;1300;1281;1257;1247;1234;1207;1195;1189;1179;1149;1134;1131;1133;1133;1134;1127;
905;910;923;949;995;1036;1052;1066;1073;
1386;1376;1354;1338;1327;1319;1320;1328;1337;
1102;1108;1113;1115;1124;1139;1156;1175;1194;1212;1216;
1297;1301;1313;1327;1333;1344;1357;1370;1374;1376;1381;
1142;1145;1154;1161;1168;1179;1190;1201;1208;
1404;1408;1411;1402;1392;1381;1377;1369;1358;
1216;1215;1212;1207;
1380;1375;1368;1358;
1194;1194;1192;1186;1179;1174;1159;1147;1141;1133;1130;1130;1134;1134;
1396;1393;1391;1387;1378;1364;1348;1334;1324;1316;1310;1307;1307;1310;
1134;1129;1120;1115;1102;
1310;1307;1303;1299;1297;
1102;1105;1113;1118;1124;1128;1139;1155;1174;1179;1162;1153;1148;1148;1146;
1297;1291;1286;1274;1262;1242;1218;1206;1189;1157;1144;1136;1131;1127;1122;
2427;2438;2451;2473;2489;2499;
1029;1029;1025;1019;1005;1000;
2427;2437;2456;2482;2515;2552;2566;2571;2570;
1028;1031;1033;1030;1029;1035;1045;1055;1062;
2570;2573;2568;2549;2511;2490;2478;2467;2461;
1062;1054;1041;1029;1019;1012;1001;980;973;
2461;2463;2465;2463;2452;2442;
973;983;1001;1017;1045;1060;
2442;2448;2461;2484;2492;2507;2518;2530;2536;2538;2539;2539;2541;2547;2562;2568;2570;
1059;1056;1050;1043;1037;1020;1013;1006;994;991;989;985;974;967;961;959;958;
2570;2563;2555;2546;2539;2536;2537;2538;2537;2536;2534;2527;2517;2513;2515;
958;960;962;965;970;980;984;989;992;996;1009;1020;1030;1041;1047;
2514;2517;2524;2539;2559;2567;2575;
1046;1040;1035;1022;1020;1020;1018;
2574;2573;2573;2562;2551;2536;2526;2511;2493;2480;2461;2447;2442;
1018;1028;1036;1051;1055;1049;1042;1040;1043;1049;1053;1056;1059;
2480;2476;2474;2473;2477;2491;2503;2524;2552;2565;2575;
971;972;974;981;994;1005;1012;1015;1017;1018;1018;
2210;2212;2217;2222;2227;2236;2245;2253;2264;2282;2306;2319;2341;2346;
826;825;824;824;826;827;824;823;824;824;815;806;803;803;
2346;2338;2324;2309;2290;2279;2275;
803;799;795;794;795;797;793;
2310;2309;2313;2322;2330;2350;2359;2370;2377;2380;2381;
765;760;755;752;755;757;759;756;760;767;775;
2380;2377;2373;2368;2361;2347;2334;2328;2326;2324;2323;2322;2317;2319;2336;2348;2366;2379;2388;2396;2397;2398;2399;
775;770;762;760;760;761;760;750;743;733;714;698;680;662;640;633;615;598;595;595;599;602;604;
2399;2397;2395;2393;2383;2364;2358;2351;2343;2335;2327;2316;2313;2313;2320;2335;2344;2356;
604;601;596;592;591;602;613;626;632;637;645;659;671;684;690;702;707;706;
2356;2352;2349;2351;2354;2354;2359;2363;2366;2365;
706;708;713;727;741;755;760;759;754;751;
2365;2371;2376;2379;2380;2381;
751;754;757;761;769;775;
2381;2382;2382;2377;2376;2376;2374;2377;2383;2395;2420;2426;2426;
775;768;763;751;745;741;733;727;723;718;715;719;726;
2426;2429;2432;2435;2438;
726;720;716;710;700;
2729;2726;2721;2680;2635;2580;2527;2503;2496;
438;445;456;477;491;488;474;486;493;
2729;2728;2732;2741;2767;2791;2805;2849;2888;2969;3074;3158;3237;3291;3339;3399;3444;3509;3595;3675;3736;3784;3830;3907;4038;4139;4215;4287;4366;4402;4416;4409;4387;4361;4342;4278;4225;4170;4133;4113;4083;4034;3992;3957;3907;3887;3860;3832;3801;3777;3740;3720;3709;3704;
439;445;460;473;481;472;463;440;391;360;330;297;279;266;253;248;267;292;315;357;390;394;396;405;412;429;458;489;529;559;579;601;625;640;664;700;729;752;786;854;904;946;947;939;949;969;982;986;993;1023;1047;1050;1042;1028;
3704;3701;3705;3729;3759;3779;3794;3806;3819;
1028;1041;1054;1063;1055;1040;1022;1019;1030;
3819;3814;3810;3799;3812;3819;3819;3820;3819;3815;
1029;1016;1008;972;942;924;886;873;864;857;
3815;3819;3821;3821;3819;3826;3854;3876;3893;3920;3932;
857;857;855;848;835;817;788;771;754;739;728;
3931;3926;3923;3922;3929;3930;3929;3929;3935;3919;3887;3869;3852;3824;3802;3789;3783;
728;738;756;772;831;877;928;955;982;1029;1074;1117;1149;1174;1178;1172;1160;
3799;3800;3800;3799;3798;3798;3801;3812;3819;3827;3827;3831;3834;3839;3839;3830;3820;3812;3805;3797;3791;3792;3796;3810;3815;3819;
1152;1153;1154;1157;1160;1165;1169;1172;1166;1154;1138;1123;1106;1090;1069;1057;1055;1056;1061;1059;1050;1032;1024;1021;1023;1029;
3712;3710;3707;3705;3702;
1177;1177;1179;1181;1183;
3702;3704;3705;3707;3710;3717;3731;3740;3763;3776;3777;
1184;1183;1184;1186;1194;1198;1198;1193;1189;1179;1164;
3744;3743;3742;3742;3741;3741;3740;3733;3717;3692;3676;3661;3657;
1166;1167;1168;1170;1175;1185;1209;1221;1243;1274;1282;1286;1284;
3657;3669;3674;3680;3688;3688;3679;3673;3676;3684;
1284;1283;1279;1268;1258;1245;1234;1224;1213;1208;
3684;3678;3670;3656;3645;3639;
1208;1209;1208;1203;1196;1186;
3639;3637;3628;3617;3617;3620;3619;3621;3627;3640;
1186;1188;1188;1180;1170;1149;1138;1130;1124;1122;
3640;3629;3614;3602;3585;3571;3553;3540;3526;
1122;1121;1119;1116;1108;1105;1104;1104;1100;
3525;3530;3543;3560;3582;3591;3599;3599;3598;3603;3612;3613;3606;3587;3577;3574;
1099;1103;1108;1109;1113;1117;1134;1151;1177;1194;1223;1253;1274;1289;1295;1304;
3574;3570;3566;3565;3571;3582;3590;3592;3584;3580;3577;
1304;1297;1290;1280;1271;1260;1244;1226;1216;1214;1214;
3577;3587;3596;3616;3635;3654;3661;3665;3669;3669;
1214;1214;1211;1203;1202;1193;1182;1169;1162;1157;
3683;3682;3679;3673;3668;
1178;1171;1163;1160;1157;
3652;3653;3654;3656;3662;3668;3673;3681;3687;3692;3694;3693;3684;3683;3688;3682;3678;
1160;1161;1163;1167;1169;1174;1174;1170;1162;1146;1129;1115;1099;1084;1068;1058;1053;
3678;3685;3697;3712;3722;3731;3746;3758;3761;
1053;1053;1059;1076;1101;1113;1125;1130;1133;
3760;3758;3758;3764;3776;3788;3801;
1133;1123;1115;1098;1082;1077;1079;
3801;3791;3770;3749;3723;3708;3704;
1079;1074;1070;1063;1056;1037;1028;
3715;3710;3702;3692;3684;3683;
1150;1149;1152;1160;1171;1178;
3684;3680;3675;3671;3668;3668;3669;3675;3684;3679;3669;3648;
1207;1203;1197;1192;1187;1178;1166;1157;1142;1122;1098;1091;
3648;3660;3673;3693;3723;3755;3777;3787;3791;
1091;1090;1088;1087;1089;1089;1095;1103;1113;
3817;3818;3823;3823;3815;3805;3789;3773;3752;3718;3683;3672;3667;3664;3667;3674;3682;3683;
1108;1116;1127;1145;1164;1179;1191;1199;1211;1219;1219;1213;1201;1186;1178;1174;1175;1178;
3568;3567;3566;3563;3556;3547;3541;3540;3546;3564;3588;3625;3663;3693;3723;3744;3757;3769;3770;3767;3765;3763;3763;3763;
1448;1450;1452;1453;1452;1446;1431;1422;1397;1378;1363;1344;1304;1283;1248;1227;1203;1191;1177;1167;1164;1163;1161;1159;
3715;3718;3725;3738;3750;3763;3776;3785;3788;3801;
1150;1148;1145;1140;1130;1116;1109;1097;1086;1079;
3700;3710;3723;3743;3768;3782;3799;3812;3821;3823;3817;
1201;1203;1202;1198;1192;1186;1173;1158;1144;1122;1108;
3800;3800;3801;3806;3817;3834;3852;3852;3838;3830;3821;3805;3780;3745;3708;3684;3645;3591;3559;3543;3530;3513;3496;3455;3419;3391;3384;
1160;1163;1165;1167;1168;1177;1213;1255;1290;1322;1381;1407;1465;1487;1523;1566;1589;1607;1619;1644;1687;1709;1714;1706;1708;1719;1724;
3396;3398;3405;3417;3416;3389;3375;3358;
1724;1715;1706;1692;1672;1648;1641;1627;
3358;3363;3363;3353;
1627;1642;1650;1654;
3353;3364;3375;3387;3397;3410;3431;3453;3468;3482;3491;
1655;1654;1653;1644;1635;1620;1608;1596;1580;1578;1579;
3491;3481;3462;3448;3459;3466;3466;3454;3431;3407;3397;3384;
1579;1569;1564;1539;1520;1491;1468;1434;1418;1400;1388;1379;
3382;3395;3403;3416;3425;
1390;1392;1399;1405;1398;
3384;3395;3406;3420;3432;3437;3456;3485;3515;3547;3557;
1379;1378;1376;1373;1374;1373;1369;1364;1346;1334;1332;
3557;3545;3537;3546;3578;3596;3609;3621;3633;3637;3646;3650;3637;3619;3583;3547;3537;3529;
1332;1348;1375;1385;1391;1392;1412;1438;1470;1504;1529;1549;1567;1576;1589;1591;1593;1589;
3544;3541;3539;3541;3545;3550;3561;
1508;1501;1492;1467;1442;1423;1422;
3561;3551;3530;3511;3489;3471;3460;3452;3436;3417;3409;
1422;1416;1412;1412;1419;1434;1450;1466;1490;1505;1500;
3409;3421;3441;3467;3493;3507;
1500;1503;1512;1529;1553;1564;
3436;3440;3445;3445;3443;3433;3407;3377;
1620;1613;1602;1590;1565;1549;1535;1523;
3316;3319;3328;3337;3355;3380;3401;3413;3410;
1462;1483;1507;1520;1536;1542;1535;1522;1499;
3316;3318;3321;3327;3333;3352;3364;3372;3375;3366;3357;3347;3337;3330;3319;3301;3283;3254;3219;3204;3171;3143;3110;3093;3069;
1462;1470;1480;1517;1534;1546;1570;1602;1621;1630;1630;1625;1616;1611;1599;1568;1561;1563;1560;1550;1527;1493;1467;1447;1437;
3337;3331;3321;3306;3292;3272;3257;3249;3246;3245;3239;3232;3215;3197;3199;3210;
1613;1612;1608;1592;1573;1566;1551;1520;1496;1465;1451;1426;1402;1374;1354;1340;
3209;3205;3196;3178;3156;3131;3113;3101;3099;3081;3068;
1341;1357;1375;1388;1412;1427;1452;1477;1497;1507;1513;
3068;3069;3074;3081;3085;3101;3108;3107;
1513;1507;1498;1478;1459;1437;1420;1407;
3020;3018;3018;3003;2990;2981;2980;2981;
1518;1524;1538;1561;1570;1580;1585;1588;
3018;3009;2992;2969;2933;2914;2891;2802;2745;2704;2680;2653;2621;2610;2604;2603;2606;2600;2586;2562;2545;2530;
1506;1509;1517;1520;1537;1558;1585;1599;1592;1604;1643;1669;1701;1737;1775;1805;1834;1866;1898;1913;1905;1896;
2516;2527;2551;2578;2591;2607;2617;2644;2657;2668;2680;2687;
1908;1915;1920;1914;1906;1882;1864;1844;1829;1813;1808;1808;
2686;2675;2655;2645;2637;2637;
1808;1805;1802;1804;1810;1819;
2686;2678;2676;2653;2619;2580;2566;
1808;1791;1781;1753;1733;1732;1734;
2566;2580;2598;2614;2623;2647;2666;2683;2696;2716;2736;2731;2717;2697;2674;2658;2639;
1734;1730;1720;1704;1693;1668;1647;1625;1599;1554;1519;1499;1477;1473;1477;1478;1471;
2611;2614;2623;2633;2642;2646;2647;2639;
1489;1488;1486;1487;1486;1482;1473;1471;
2611;2617;2624;2639;2662;2683;2696;2713;2726;2747;2774;2810;2853;2876;2894;2930;2949;2956;
1489;1488;1488;1490;1490;1485;1484;1479;1469;1462;1444;1435;1425;1405;1382;1374;1372;1365;
2956;2957;2958;2961;2967;2979;2991;2999;3006;3018;
1365;1381;1394;1418;1429;1456;1472;1494;1504;1506;
3151;3157;3162;3168;3181;3208;3230;3256;3275;3277;3275;
1355;1360;1372;1401;1416;1439;1442;1443;1429;1420;1413;
3235;3223;3213;3191;3173;3143;3126;
1378;1380;1384;1393;1397;1397;1386;
3065;3063;3064;3076;3114;3148;3166;3190;3219;3240;3264;3275;3288;3295;
1553;1561;1574;1580;1580;1566;1550;1526;1515;1510;1491;1479;1474;1477;
3295;3278;3249;3226;3210;3202;3191;3179;3162;
1477;1464;1458;1455;1438;1412;1383;1375;1350;
3162;3164;3167;3175;3192;3207;3219;3238;3255;3264;3262;
1350;1360;1371;1381;1388;1409;1428;1439;1439;1431;1426;
3275;3275;3274;3270;3267;3259;3256;3257;3252;3248;3250;3263;3286;3323;3361;3404;3423;3436;
1414;1422;1438;1453;1470;1492;1514;1537;1557;1576;1603;1645;1674;1723;1751;1768;1767;1752;
3381;3372;3359;3335;3313;3307;
1725;1726;1729;1723;1697;1675;
3373;3374;3368;3370;3384;3425;3475;3517;3565;3614;3651;3694;3725;3758;3786;3803;
1720;1724;1734;1752;1776;1792;1800;1799;1797;1793;1770;1760;1757;1759;1766;1758;
3803;3795;3782;3776;3777;3769;3761;
1758;1766;1774;1802;1832;1846;1855;
3685;3675;3666;3655;3647;3640;3632;3626;
1813;1806;1789;1767;1754;1751;1752;1755;
3685;3676;3673;3677;3683;3681;3650;3623;3605;3606;3619;3637;3631;3599;3566;3522;3500;3485;3482;3484;3495;3495;3487;
1812;1802;1786;1768;1747;1728;1714;1696;1675;1661;1645;1612;1585;1573;1560;1548;1529;1494;1454;1409;1382;1356;1342;
3488;3491;3502;3517;3533;3546;3562;3574;
1342;1344;1345;1341;1335;1321;1306;1304;
3574;3567;3559;3552;
1304;1299;1293;1292;
3437;3432;3425;3419;3418;
1375;1372;1367;1357;1350;
3437;3439;3446;3467;3481;3504;3537;3556;3576;3577;3565;
1375;1373;1369;1364;1359;1350;1334;1315;1287;1276;1270;
3565;3575;3585;3597;3599;3595;3593;3599;3611;3624;3640;
1269;1270;1265;1244;1219;1199;1179;1158;1150;1146;1145;
3640;3634;3615;3598;3570;3550;3546;
1145;1149;1157;1160;1160;1160;1163;
3640;3628;3617;3604;3593;3577;
1144;1138;1130;1111;1103;1097;
3576;3582;3590;3594;3593;3590;3587;3590;3592;3584;3575;3571;3566;
1097;1102;1111;1128;1141;1165;1189;1205;1219;1223;1226;1228;1230;
3546;3547;3553;3564;3573;3579;3585;3606;3638;3669;3694;3713;3715;3700;
1163;1160;1157;1160;1169;1186;1197;1212;1225;1234;1235;1225;1214;1201;
3752;3759;3772;3790;3808;3826;3835;3836;3834;3838;3845;3857;3893;3912;3913;3907;3892;3866;3860;3855;3850;3846;3827;3796;3778;
1182;1183;1182;1177;1169;1159;1143;1123;1094;1068;1059;1042;1025;1006;993;985;978;961;925;895;859;824;810;803;792;
3778;3799;3836;3851;3872;3913;3947;3969;3989;4022;4047;4042;4031;
792;793;794;802;826;856;885;905;916;921;898;871;858;
3615;3613;3607;3602;3597;3593;3587;3579;3575;3570;3565;3562;3563;3566;3568;
1490;1486;1481;1475;1474;1474;1472;1468;1464;1462;1461;1458;1454;1452;1448;
3615;3613;3610;3608;3608;3610;3618;3611;3597;3594;3594;3581;3576;3577;3583;3580;
1490;1486;1484;1480;1476;1472;1462;1445;1432;1411;1383;1372;1351;1336;1322;1314;
3580;3588;3601;3629;3644;3652;3660;3662;3657;
1314;1311;1300;1294;1295;1299;1298;1291;1284;
3337;3340;3346;3357;3369;3379;3391;3396;3391;3394;3403;3425;3437;3443;3452;3468;3480;3487;3487;
1613;1617;1626;1634;1637;1632;1620;1597;1565;1542;1522;1496;1471;1441;1402;1380;1367;1351;1342;
3479;3486;3496;3516;3538;3552;3561;3582;3595;3604;3604;3598;3585;3574;3576;3587;3592;3588;3571;3562;3563;3569;3571;3571;
1344;1349;1352;1351;1342;1324;1311;1296;1279;1256;1234;1213;1201;1177;1148;1137;1124;1116;1105;1099;1089;1079;1073;1065;
3570;3571;3570;3564;3565;3577;3593;3602;3613;3620;3625;
1065;1070;1084;1093;1106;1114;1117;1101;1100;1101;1101;
3625;3622;3619;3614;3611;3612;3621;3626;3627;3634;3651;3662;3673;3684;3688;3685;3686;3694;3708;3729;3742;3762;3778;3788;3794;3805;3811;3810;3805;
1101;1101;1101;1103;1108;1120;1137;1155;1166;1173;1175;1169;1160;1150;1129;1115;1096;1078;1063;1047;1039;1025;1007;987;968;950;936;927;925;
3835;3832;3828;3830;3839;3848;3857;3860;3858;3862;3864;3859;3854;3852;3841;3820;3804;3779;3756;3727;3706;3703;3704;
845;842;835;830;828;833;851;871;884;903;923;938;961;979;982;992;1008;1028;1047;1054;1049;1038;1028;
2693;2698;2707;2717;2724;2723;2711;2706;2691;2704;2708;
1119;1113;1106;1094;1070;1050;1031;1025;1000;980;964;
2666;2673;2681;2694;2703;2703;2700;2698;
992;1001;1014;1025;1046;1057;1065;1071;
2698;2701;2708;2718;2726;2735;2745;2751;
1071;1068;1069;1080;1098;1114;1124;1127;
2750;2743;2735;2723;2701;2685;
1127;1126;1124;1116;1104;1098;
2717;2715;2714;2715;2716;2717;2711;2708;2714;2723;2733;
1023;1026;1033;1053;1063;1079;1088;1111;1122;1126;1131;
2207;2205;2203;2201;2200;2197;2193;2190;2180;2162;2148;2138;2123;2113;2101;2089;2054;2045;2049;2056;
844;844;842;840;838;838;837;835;834;835;840;852;877;886;895;903;914;920;924;934;
2030;2026;2023;2024;2030;2034;2035;
940;941;937;929;922;915;903;
2035;2038;2044;2054;2070;2087;2098;2105;
903;910;913;912;911;908;902;896;
2062;2082;2098;2115;2142;2169;2181;2189;
776;779;789;796;804;813;813;807;
2144;2142;2143;2145;2153;2163;2173;2178;2181;2191;2205;2213;2222;2230;2230;2226;2222;2221;2217;2216;
865;860;853;848;836;829;821;805;776;766;760;757;758;770;783;793;798;801;804;806;
2210;2217;2220;2222;2223;2222;2222;2220;2222;2225;2224;2221;2220;2217;2203;2191;2180;2150;2130;2101;2100;2101;2094;2090;2086;2084;
826;824;822;819;816;811;806;799;796;787;774;764;758;756;756;760;766;776;779;797;821;839;845;844;844;842;
2015;2018;2021;2027;2033;2033;
849;847;843;839;836;833;
2015;2018;2022;2032;2038;2049;
849;848;846;843;844;847;
2015;2018;2020;2024;2024;2021;2017;2010;2005;2007;2014;2021;
848;847;843;831;826;817;813;808;801;796;794;793;
1982;1981;1979;1982;1992;2001;2009;2018;2022;2025;2024;2021;2015;
831;826;821;813;808;808;810;814;820;828;836;848;849;
1982;1976;1968;1960;1959;1952;1954;1974;1997;2019;2039;2054;2066;2073;2075;
831;828;826;830;848;880;897;924;944;956;965;984;987;987;988;
2004;2004;2006;2008;2014;2022;2031;2034;2033;
1169;1165;1158;1147;1144;1142;1141;1136;1131;
1965;1962;1961;1963;1972;1982;2004;
1222;1221;1210;1192;1181;1174;1169;
2124;2114;2098;2062;2011;1966;1938;1910;1906;1906;
1557;1573;1588;1614;1633;1657;1687;1723;1739;1746;
1954;1954;1957;1973;1994;2024;2048;2070;2088;2131;2155;2176;2196;2219;2231;2251;2267;2290;2308;
1560;1566;1584;1614;1628;1653;1681;1714;1756;1793;1808;1860;1915;1985;2010;2061;2105;2119;2121;
1367;1371;1376;1382;1382;1386;1421;1448;1471;1503;1542;1575;1613;1661;1697;1737;1805;1871;1899;1906;
2432;2430;2425;2410;2382;2311;2256;2210;2172;2115;2073;2018;1979;1905;1869;1799;1736;1726;1734;1746;
1627;1628;1630;1626;1624;1612;1602;1583;1566;1545;1482;1432;1401;1369;1340;1322;1306;1270;1252;
1791;1795;1814;1844;1875;1929;1967;1999;2021;2055;2127;2180;2229;2248;2276;2323;2372;2385;2385;
1252;1274;1295;1321;1357;1375;1380;1374;1367;
2385;2392;2394;2393;2402;2410;2423;2429;2431;
1367;1373;1374;1364;1317;1272;1211;1169;1138;1131;1127;1140;1156;1164;1180;1193;1206;
2431;2432;2440;2451;2499;2523;2521;2489;2448;2376;2318;2285;2220;2155;2129;2115;2108;
1206;1200;1188;1182;1176;1174;1170;1139;1108;1078;1062;1065;1087;1107;1114;1110;
2108;2100;2078;2050;2021;1969;1916;1879;1817;1763;1699;1643;1589;1566;1549;1526;
1109;1106;1092;1083;1082;1073;1059;1046;1038;1030;1020;1009;992;995;992;985;980;
1518;1514;1501;1479;1452;1428;1413;1395;1369;1355;1338;1305;1280;1249;1239;1236;1236;
980;988;998;1010;1018;1021;1031;1053;1067;1072;1073;
1236;1235;1238;1247;1260;1279;1298;1310;1321;1331;1337;
1093;1090;1084;1075;1064;1043;1030;1008;1004;1003;
1351;1358;1365;1390;1399;1411;1421;1430;1433;1436;
1002;1006;1011;1014;1016;1022;1028;1025;1020;
1435;1433;1428;1420;1408;1389;1364;1358;1358;
1020;1022;1017;999;982;966;942;918;899;893;
1358;1354;1342;1335;1327;1297;1288;1277;1271;1270;
886;895;905;917;925;934;945;976;1010;1042;1059;1070;
1345;1341;1335;1325;1301;1284;1276;1264;1261;1257;1261;1266;
1069;1063;1061;1073;1086;1100;1110;1116;1119;1121;1130;1152;1172;1198;1218;1237;1248;1263;1271;1273;1272;
1265;1268;1279;1298;1310;1309;1303;1287;1264;1227;1204;1178;1158;1112;1088;1071;1046;1021;1009;1003;998;
1273;1268;1263;1245;1226;1211;
1019;1023;1034;1044;1047;1048;
1210;1225;1239;1254;1282;1323;1454;1512;1608;1672;1727;1790;1839;1871;1929;1984;2007;2018;2033;2035;
1048;1051;1058;1064;1062;1052;1023;1014;1010;1014;1011;988;962;951;934;928;919;915;909;903;
2050;2049;2041;2023;2014;1999;1985;1982;
1023;1020;1015;1012;1013;1012;1017;1025;
2075;2073;2070;2065;2059;2050;2018;1998;1975;1966;1962;1963;1960;1964;1973;1975;1976;
988;987;987;989;991;996;1007;1011;1018;1026;1043;1067;1095;1102;1102;1101;1099;
2060;2058;2056;2054;2041;2029;2001;1984;1974;1962;1959;1968;1981;1989;1989;
961;963;968;975;990;996;997;994;979;956;925;912;900;889;878;
1973;1969;1959;1952;1952;1962;1974;1981;1996;2018;2031;2055;2065;2072;
852;853;849;835;820;801;786;768;742;731;726;722;716;710;
2071;2069;2070;2077;2100;2125;2148;2155;2168;2176;2182;2189;2193;2195;2198;2200;2202;2204;2206;
710;714;729;737;748;748;764;779;804;815;821;833;837;838;838;839;841;843;844;
2300;2302;2306;2308;2311;2319;2327;2342;2356;
664;665;668;678;685;698;703;708;706;
2398;2419;2437;2456;2483;2521;2568;2648;2756;2836;2939;3027;3126;3239;3317;3394;3453;3480;3500;
2121;2127;2127;2118;2098;2070;2054;2041;2035;2059;2074;2066;2060;2067;2080;2089;2085;2089;2091;
3500;3491;3464;3456;3446;3448;3462;3501;3541;3576;3613;3647;3668;3685;
2091;2086;2069;2056;2012;1981;1941;1911;1889;1856;1823;1809;1809;1812;
3684;3679;3677;3684;3709;3731;3780;3810;3834;3866;3899;3911;3928;3946;3975;3987;3984;3986;3975;3945;3936;
1812;1804;1797;1787;1783;1786;1790;1783;1779;1800;1834;1871;1910;1934;1977;2017;2057;2100;2116;2120;2118;
3936;3942;3950;3945;3931;3890;3859;3832;3776;3757;3729;3699;3642;3594;3543;3483;3459;3468;3482;3499;
2118;2125;2159;2171;2195;2211;2209;2207;2192;2172;2143;2129;2128;2137;2151;2148;2130;2107;2097;2091;
3749;3753;3752;3748;3766;3787;3836;3853;3862;
2132;2139;2146;2170;2200;2221;2247;2255;2256;
3887;3891;3896;3919;3932;3955;4001;4052;4124;4176;4197;4206;4206;4203;
2271;2280;2282;2276;2257;2249;2231;2238;2229;2217;2217;2225;2237;2242;
4223;4218;4207;4179;4154;4109;4054;3995;3951;3936;
2239;2228;2216;2208;2195;2162;2142;2131;2126;2118;
3779;3776;3774;3777;3787;3809;3837;3854;3855;3856;3858;3857;
2135;2138;2146;2160;2182;2204;2205;2202;2194;2191;2187;2185;
3857;3857;3857;3856;3856;3871;3881;3902;3920;3969;4006;4065;4107;4167;4211;4222;4225;4225;4222;
2185;2188;2190;2192;2198;2208;2208;2197;2189;2175;2151;2136;2127;2124;2120;2135;2151;2161;2166;
4222;4225;4228;4230;4227;4213;4161;4088;4028;4000;3974;3954;3932;3943;3952;3943;3919;3901;3891;3882;3879;3869;3851;3825;3786;3760;3744;3723;3666;3646;3634;3631;3628;3616;3594;3585;3577;
2166;2162;2154;2134;2117;2106;2093;2054;2047;2014;1940;1897;1851;1816;1784;1767;1747;1727;1721;1717;1711;1688;1657;1621;1604;1563;1524;1481;1428;1388;1336;1284;1242;1230;1217;1215;1214;
3928;3930;3933;3936;3940;3950;3961;4006;4045;4087;4119;4146;
1779;1778;1779;1783;1797;1810;1830;1863;1880;1889;1887;1883;
4145;4138;4133;4124;4129;4137;4131;4125;4122;
1883;1890;1898;1925;1932;1942;1953;1950;1943;
4122;4117;4113;4090;4066;4028;3996;3976;3966;3953;3932;
1943;1953;1958;1971;1978;1998;2026;2082;2122;2132;2131;
3933;3941;3942;3967;4007;4044;4071;4077;4109;4134;4167;4200;4197;4182;
2131;2142;2159;2182;2205;2224;2256;2287;2343;2357;2359;2334;2308;2292;
4182;4196;4216;4232;4230;4225;4223;
2292;2296;2294;2281;2264;2252;2243;
1980;1965;1949;1925;1872;1838;1829;1802;1775;1748;1739;1698;1684;1681;1673;1654;
1062;1066;1076;1094;1125;1160;1197;1249;1299;1389;1452;1577;1646;1722;1747;1751;
1654;1659;1662;1678;1713;1763;1823;1899;1966;2001;2013;
1751;1760;1776;1805;1838;1853;1871;1875;1861;1857;1857;
2012;2008;2014;2019;2049;2076;2101;2143;2166;2179;2190;2199;
1856;1850;1841;1828;1804;1757;1721;1697;1665;1652;1642;1638;
2198;2193;2181;2165;2126;2115;2103;2098;
1638;1636;1624;1617;1611;1595;1578;1563;
2124;2104;2072;2030;2003;1973;1934;1903;1873;1859;1873;
1557;1588;1590;1586;1590;1587;1563;1536;1503;1457;1446;
1883;1881;1876;1869;1867;1869;1865;1865;1873;1895;1909;1931;1945;1958;1983;1997;1993;
1476;1476;1475;1464;1446;1428;1393;1362;1325;1297;1282;1252;1211;1190;1161;1142;1126;
1987;1985;1981;1976;1970;1960;1949;1936;1915;1894;1872;1862;1850;1844;1849;1863;1887;1918;1961;2010;2087;2132;2161;2182;2205;
1126;1131;1142;1161;1188;1207;1228;1250;1265;1281;1308;1333;1360;1434;1475;1526;1551;1579;1609;1617;1618;1616;1603;1604;1605;
2204;2200;2189;2182;2177;2179;2197;2221;2234;
1606;1609;1620;1632;1664;1680;1707;1718;1716;
2233;2230;2225;2229;2223;2217;2215;2222;2244;2261;
1716;1721;1733;1761;1806;1838;1864;1915;1947;1957;
2261;2243;2221;2207;2166;2092;2032;1871;1766;1685;1610;1566;1552;1549;
1957;1956;1960;1977;2015;2062;2081;2101;2086;2054;2017;1985;1965;1956;
1180;1181;1171;1158;1147;1140;1137;1133;1142;1158;1163;1164;1181;1183;1173;1169;1172;
2270;2276;2286;2283;2272;2256;2240;2197;2114;2050;2002;1968;1925;1901;1879;1866;1855;
1172;1166;1150;1132;1115;1095;1082;1079;1101;
1855;1857;1855;1844;1804;1771;1735;1691;1677;
1100;1096;1089;1077;1078;1089;1105;1114;1122;1119;1116;1110;
1677;1679;1678;1668;1652;1636;1616;1602;1575;1558;1540;1525;
1035;1031;1028;1030;1043;1057;1071;1078;1084;1083;1077;1071;1070;1073;1081;1097;1117;1138;
1503;1506;1511;1520;1534;1552;1569;1589;1605;1621;1639;1662;1679;1715;1745;1784;1800;1801;
1138;1137;1142;1154;1162;1179;1187;1202;1216;1221;
1802;1809;1836;1867;1883;1909;1933;1963;1966;1964;
1221;1213;1200;1164;1101;1012;874;786;737;721;726;
1964;1972;1979;1991;2000;1992;1986;1981;1991;2001;2012;
726;724;729;747;780;831;875;890;916;963;1036;1073;1124;1137;
2012;2003;1986;1975;1944;1916;1864;1830;1802;1795;1793;1803;1809;1801;
982;980;983;997;1013;1050;1078;1102;1107;
1654;1657;1666;1672;1666;1649;1631;1629;1632;
1107;1103;1103;1105;1111;1114;1118;1114;1110;
1631;1616;1602;1580;1566;1555;1540;1534;1526;
1109;1112;1125;1145;1166;
1518;1511;1505;1497;1499;
1108;1109;1119;1152;1186;1213;1218;1217;1209;1206;
1517;1509;1496;1476;1469;1471;1480;1490;1496;1501;
1261;1257;1256;1253;1240;1242;1250;1243;1228;1200;1170;1145;1133;1102;1085;
1504;1493;1478;1464;1447;1415;1398;1366;1339;1311;1280;1252;1240;1231;1229;
1103;1107;1119;1134;1149;1145;1140;1140;1140;1153;1172;1176;1171;1159;1154;
1197;1208;1221;1250;1283;1295;1307;1314;1336;1349;1365;1375;1382;1383;1377;
898;904;913;936;965;989;1005;1020;1030;1069;1097;1109;1110;1110;
1436;1442;1445;1450;1466;1473;1484;1511;1526;1548;1558;1547;1532;1526;
802;796;790;776;766;761;749;722;710;704;700;690;689;
1390;1393;1390;1377;1355;1334;1318;1280;1267;1256;1244;1228;1217;
689;687;686;694;699;702;711;722;730;746;749;731;715;684;665;651;622;580;548;559;568;583;
1217;1225;1231;1244;1250;1261;1271;1288;1300;1321;1336;1343;1333;1306;1295;1271;1224;1201;1148;1134;1129;1129;
582;572;560;543;537;534;526;524;516;489;481;477;474;467;463;
1129;1124;1117;1094;1081;1043;1007;991;952;925;881;858;844;842;851;
463;460;447;432;405;367;324;283;226;214;220;227;226;
851;845;835;823;804;766;752;754;760;752;732;720;715;
582;582;581;578;564;553;539;536;542;543;544;555;566;584;610;629;
963;961;958;957;954;952;958;973;1008;1044;1076;1138;1162;1188;1194;1182;
629;625;629;644;652;662;676;697;706;737;757;812;846;899;944;991;1023;1035;
1182;1193;1211;1232;1257;1281;1296;1313;1334;1372;1395;1435;1451;1475;1498;1521;1511;1503;
858;838;819;793;777;758;754;767;777;
1420;1423;1422;1420;1399;1369;1342;1333;1332;
777;767;747;724;701;692;670;648;624;612;592;580;561;551;549;552;552;560;567;571;
1332;1339;1340;1337;1312;1299;1278;1261;1238;1213;1177;1155;1111;1077;1041;1006;988;984;984;985;
582;581;580;577;569;557;550;546;541;534;524;515;506;495;482;470;456;447;438;437;438;444;446;445;441;
963;960;956;949;937;929;922;919;917;915;910;906;896;880;859;844;839;832;813;800;793;789;782;778;774;
568;568;570;573;574;573;569;561;557;549;543;542;546;546;546;550;555;559;564;586;598;615;629;
932;936;942;946;951;954;956;954;953;955;976;992;1010;1032;1048;1085;1110;1125;1139;1181;1194;1198;1182;
647;637;616;602;554;521;481;372;265;206;182;
1202;1209;1222;1238;1286;1306;1335;1359;1367;1374;1384;
182;196;216;246;284;303;333;351;372;418;478;511;532;549;562;583;
1384;1369;1361;1354;1338;1324;1290;1272;1260;1247;1235;1212;1179;1147;1136;1130;
215;226;250;282;315;384;415;448;471;484;496;513;529;552;571;577;576;570;
780;778;788;794;796;819;835;842;848;866;892;928;942;950;956;954;944;934;
1009;1013;1016;1020;1030;1036;1043;1050;1060;1073;1077;1083;
1052;1040;1020;1007;995;991;991;990;991;999;1013;1022;
1136;1142;1155;1174;1191;1212;1246;1259;1261;1265;1270;1272;
1169;1173;1170;1157;1136;1104;1069;1050;1031;1013;1005;999;
1211;1223;1228;1229;1219;1200;1189;1179;1167;1156;1149;1148;1146;
1048;1051;1057;1072;1081;1098;1118;1129;1135;1136;1131;1128;1122;
1210;1219;1238;1276;1306;1331;1354;1357;1348;1330;1311;1302;1291;1277;1256;1242;1231;1225;1218;1215;
1048;1046;1039;1033;1021;1006;992;980;968;963;944;934;929;927;933;942;954;961;968;969;
1436;1454;1465;1488;1531;1588;1634;1678;1764;1845;1905;1937;1983;2006;2028;2045;2072;2091;2125;2147;2178;2202;2221;2234;2235;2230;2219;2211;2212;
959;965;983;998;1024;1042;1058;1078;1090;1102;1118;1138;1145;1144;1142;1143;1143;1132;1112;1105;1102;1101;1097;1088;1074;1056;1041;1027;1022;
2245;2246;2252;2263;2261;
1190;1183;1173;1156;1142;
2078;2076;2068;2060;
1147;1139;1138;1132;
2078;2082;2089;2105;2111;2118;
1146;1137;1123;1110;1102;1088;
2078;2079;2081;2088;2106;2145;2158;2175;2183;2189;2196;2196;
1146;1138;1130;1125;1117;1099;1086;1072;1053;1037;1022;1007;
2394;2398;2407;2422;2447;2476;2492;2513;2520;2527;
1150;1148;1148;1150;1161;1169;1172;1169;1164;1163;
2311;2312;2312;2315;2322;2333;2342;2345;2346;2341;2336;2340;2343;2352;2362;2362;2357;
731;731;734;740;747;746;739;728;716;703;681;660;643;633;614;596;587;
2287;2282;2269;2258;2239;2200;2150;2045;1992;1944;1874;1841;1802;1791;1795;1806;1819;
523;524;526;533;536;533;534;555;589;630;650;649;639;628;622;618;625;
1453;1431;1387;1357;1283;1227;1196;1166;1128;1111;1106;1096;1099;1106;1107;1095;
627;628;641;666;695;679;665;658;660;667;696;743;821;849;867;883;
1094;1098;1098;1093;1086;1085;1097;1117;1119;1120;1133;1176;1200;1234;1261;1299;1321;1333;1343;1369;1395;1413;1417;1435;1443;1434;1410;1365;1314;1272;1233;1214;1189;1165;1151;1149;1135;1125;1112;1101;
883;874;857;836;803;766;752;712;695;670;663;661;670;689;698;704;718;756;781;810;828;854;881;909;950;990;1001;1019;1034;1053;1091;1114;1149;1174;1204;1231;1264;1281;1292;1297;
1273;1290;1319;1386;1421;1481;1649;1727;1804;1846;1863;1885;1892;1895;
1398;1390;1386;1366;1350;1331;1319;1309;1294;1266;1243;1244;1249;1258;
1260;1259;1260;1278;1294;1292;1280;1272;
1504;1498;1488;1440;1414;1397;1392;1398;
1216;1227;1240;1253;1261;1269;1273;
1381;1377;1378;1383;1389;1395;1399;
1141;1133;1118;1088;1069;1060;
1404;1418;1427;1458;1465;1466;
1060;1069;1070;1063;1053;1032;1013;1001;
1466;1458;1445;1431;1426;1426;1429;1435;
1060;1072;1077;1095;1108;
1466;1473;1498;1512;1517;
956;958;962;972;994;1011;1021;1028;1040;1063;1069;
1396;1388;1371;1356;1343;1331;1315;1293;1277;1268;1266;
893;914;930;965;997;1019;1028;
1269;1266;1262;1257;1254;1246;1231;
1392;1392;1392;1380;1363;1322;1305;1297;1287;1283;1295;1290;1275;1227;1199;1169;1148;1141;1140;1157;1173;1183;1180;
2134;2145;2168;2191;2213;2239;2275;2309;2368;2420;2459;2502;2515;2519;2505;2475;2439;2388;2328;2298;2287;2280;2270;
1188;1188;1186;1180;1174;1170;1168;1171;1176;1174;1185;1199;1207;1208;1208;1214;1224;
2243;2248;2249;2249;2245;2229;2201;2163;2138;2096;2054;2026;1993;1975;1936;1917;1913;
1223;1206;1190;1168;1143;1133;1138;
1914;1905;1891;1873;1848;1827;1801;
982;982;987;996;1014;1042;1063;1069;1087;1124;1138;
1654;1659;1669;1688;1697;1711;1734;1765;1787;1805;1802;
4271;4263;4241;4216;4180;4135;4067;4022;4010;3998;3987;3964;3936;
1890;1904;1904;1893;1892;1891;1904;1928;1966;2038;2079;2110;2118;
4223;4227;4239;4267;4281;4287;4279;4282;4287;4284;4271;
2242;2248;2249;2231;2207;2144;2089;2012;1959;1919;1890;
4348;4335;4327;4304;4292;4271;
1927;1921;1910;1898;1896;1890;
4348;4342;4338;4331;4330;4335;
1927;1911;1899;1867;1838;1824;
4335;4313;4291;4245;4190;4125;4106;4098;4104;4117;
1824;1822;1827;1843;1833;1804;1799;1782;1775;1776;
4278;4256;4236;4187;4134;4068;4027;3984;3962;3944;3934;
1763;1772;1773;1753;1740;1732;1720;1695;1675;1672;1678;
3934;3933;3919;3882;3847;3819;3806;
1678;1666;1652;1641;1644;1659;1677;
3806;3804;3792;3756;3728;3713;3721;3731;
1677;1658;1640;1614;1583;1556;1546;1543;
3770;3753;3735;3729;3730;
1514;1513;1520;1527;1542;
3769;3758;3754;3749;3717;3670;3652;3643;3645;
1514;1521;1536;1574;1590;1596;1607;1625;1633;
3644;3638;3620;3613;3612;
1633;1632;1621;1618;1626;
3612;3600;3583;3553;3538;3529;
1625;1617;1612;1604;1598;1588;
3644;3632;3637;3638;3629;3615;3596;3576;3571;3565;3561;
1633;1646;1658;1672;1684;1697;1725;1722;1713;1690;1682;
3568;3570;3568;3580;3607;3632;3646;3648;3632;3626;3633;3643;3656;3663;3665;3671;3715;3739;3785;3801;3806;
1762;1770;1783;1791;1789;1774;1766;1748;1718;1696;1678;1662;1658;1656;1648;1638;1635;1636;1652;1664;1676;
3776;3769;3752;3732;3707;3683;3644;3605;3541;3512;3488;3440;3435;
1717;1723;1735;1748;1763;1775;1790;1800;1802;1793;1778;1763;1751;
3395;3412;3434;3474;3519;3556;3569;3566;3561;
1724;1718;1717;1721;1724;1730;1718;1697;1682;
3487;3474;3455;3423;3409;3395;
1690;1697;1699;1704;1710;1724;
3387;3395;3400;3401;3400;3398;3395;
1673;1673;1677;1685;1700;1717;1724;
3395;3408;3417;3422;3414;3406;3400;3383;3372;3354;3342;3327;3316;
1724;1706;1696;1672;1652;1628;1597;1564;1549;1520;1499;1483;1462;
3326;3331;3344;3361;3373;3377;
1554;1549;1545;1540;1536;1524;
3326;3321;3320;3315;3316;3317;
1553;1542;1527;1499;1484;1462;
2397;2396;2373;2326;2306;2299;2307;
2121;2133;2150;2159;2147;2132;2120;
2398;2410;2429;2461;2481;2511;2526;2539;2538;2538;2530;
2121;2131;2122;2089;2055;2017;1998;1960;1928;1910;1896;
2308;2306;2313;2337;2356;2384;2428;2470;2513;2538;2553;2563;2592;2622;
2121;2131;2141;2153;2154;2156;2141;2119;2088;2059;2028;2005;1985;1982;
2622;2620;2621;2637;2657;2687;2695;2699;2710;2715;2713;2704;2689;2686;
1982;1992;2004;2010;2013;1997;1974;1917;1877;1853;1831;1808;1801;1808;
2766;2751;2733;2702;2681;
1928;1920;1919;1919;1915;
2791;2775;2768;2766;
1917;1916;1919;1928;
2791;2781;2771;2759;2741;2707;2671;2639;2594;2580;2565;
1917;1908;1894;1860;1827;1799;1786;1774;1755;1737;1733;
2566;2575;2579;2589;2593;2592;2578;2560;2546;2525;2486;2417;2370;2321;2292;2273;2248;2209;2196;2204;2247;
1733;1741;1756;1777;1814;1849;1874;1945;1985;2046;2090;2138;2149;2141;2106;2068;2014;1909;1829;1787;1760;
2568;2576;2587;2601;2609;2618;2635;2660;2678;2687;
1433;1432;1441;1453;1465;1475;1482;1486;1487;1493;
2747;2744;2740;2717;2700;2687;
1417;1423;1437;1466;1475;1493;
2638;2655;2678;2709;2757;2797;2836;2901;2947;2968;2979;
1470;1468;1461;1451;1439;1426;1411;1404;1400;1397;1393;
2979;2976;2977;2994;3002;3018;
1394;1404;1431;1468;1497;1505;
2979;2965;2941;2923;2901;2855;2826;2796;2786;2781;2774;2768;2766;2759;2746;2731;2718;
1394;1392;1390;1366;1328;1316;1310;1300;1291;1284;1282;1284;1286;1289;1299;1300;1300;
2718;2724;2722;2710;2709;
1300;1294;1284;1264;1248;
2672;2675;2680;2691;2698;2706;2718;2734;2758;2763;
1241;1241;1243;1255;1267;1274;1282;1292;1296;1301;
2800;2801;2805;2812;2840;2856;2884;2904;2919;2932;2943;2954;2968;2985;2994;3009;3033;3053;3065;
1322;1318;1315;1314;1319;1324;1332;1347;1368;1393;1414;1434;1460;1494;1512;1528;1544;1549;1552;
3065;3060;3059;3060;3069;3087;3103;3107;3096;
1552;1544;1532;1515;1506;1483;1452;1430;1417;
3096;3116;3136;3150;3163;3183;3193;3203;3209;
1417;1413;1406;1393;1376;1364;1357;1352;1341;
3234;3227;3220;3225;3228;3232;3229;3223;
1378;1388;1399;1437;1455;1479;1489;1491;
3223;3232;3239;3261;3277;3298;3305;
1491;1498;1510;1524;1537;1546;1546;
3318;3298;3280;3262;3255;
1580;1577;1571;1565;1571;
3255;3247;3232;3186;3136;3109;3092;3083;3070;3067;
1570;1568;1564;1554;1549;1544;1532;1514;1511;1513;
3254;3249;3240;3238;3239;3254;3270;3277;3273;
1569;1554;1529;1493;1478;1450;1440;1426;1417;
3208;3204;3195;3176;3161;3151;
1341;1345;1351;1356;1358;1355;
3150;3156;3157;3152;3138;3129;3115;3089;3069;
1355;1359;1369;1381;1400;1415;1440;1440;1437;
3072;3080;3101;3122;3147;3189;3223;3252;3278;3302;3316;3327;3337;
1463;1468;1492;1507;1513;1516;1516;1528;1545;1559;1591;1610;1613;
3357;3352;3347;3336;3314;3302;3279;3281;3280;3269;3262;
1627;1629;1625;1615;1598;1575;1527;1503;1458;1435;1426;
3507;3502;3488;3493;3505;3529;3543;3545;3549;3553;3557;3556;3557;
1563;1552;1536;1521;1510;1496;1479;1457;1425;1409;1389;1355;1332;
3543;3526;3494;3453;3429;3411;3377;
1507;1508;1515;1515;1518;1525;1523;
3490;3493;3501;3520;3536;3559;3564;3561;3542;3531;3525;
1578;1568;1555;1545;1546;1563;1577;1596;1604;1604;1603;
3545;3535;3503;3488;3486;
1691;1696;1703;1701;1690;
3545;3542;3542;3561;3592;3612;3618;3628;3637;3658;3666;3667;3670;3677;3679;3665;3637;3625;3622;3620;3620;3623;
1691;1699;1721;1734;1737;1724;1702;1681;1674;1671;1662;1645;1631;1613;1577;1541;1518;1512;1511;1512;1517;1519;
3623;3619;3615;3607;3599;3593;3578;3572;3566;3560;3546;3524;3473;3440;3426;
1522;1520;1517;1519;1523;1525;1517;1507;1483;1473;1464;1445;1446;1457;1462;
3426;3432;3435;3432;3426;
1462;1455;1437;1420;1397;
3426;3433;3444;3453;3463;3463;3466;3481;3487;
1467;1464;1452;1434;1408;1383;1368;1354;1342;
3561;3559;3563;3577;3599;3620;3635;3638;3644;3651;3661;3684;
1338;1349;1359;1361;1352;1332;1307;1281;1253;1231;1216;1207;
3017;3015;3023;3037;3050;3058;3062;3068;
1506;1520;1535;1540;1534;1523;1511;1513;
2973;2974;2973;2968;2964;2969;2977;2984;2993;3006;3020;3042;3071;3118;3185;3250;3306;3352;3376;3409;3418;3443;3475;3500;
1353;1359;1369;1380;1400;1421;1446;1459;1496;1517;1545;1560;1590;1601;1629;1660;1721;1757;1800;1892;1988;2045;2085;2091;
2621;2607;2594;2584;2582;2573;
1981;1970;1946;1901;1876;1862;
2573;2569;2558;2548;2530;2513;
1862;1882;1897;1906;1930;1934;
2513;2538;2567;2602;2610;2630;
1935;1940;1948;1936;1925;1912;
2629;2616;2615;2615;2628;2648;2666;2682;2711;2748;2782;2818;2847;2880;2914;2979;3003;
1911;1908;1877;1859;1841;1831;1810;1792;1774;1762;1723;1683;1627;1558;1517;1485;1474;
2747;2759;2789;2809;2830;2828;2829;
1417;1419;1409;1387;1348;1310;1300;
2829;2846;2867;2902;2924;2938;2960;2970;2973;
1300;1310;1315;1321;1344;1362;1372;1365;1353;
2907;2906;2906;2909;2901;2884;2855;2810;2751;2698;2667;2632;
1307;1316;1326;1352;1412;1455;1499;1548;1569;1605;1623;1622;
2632;2637;2618;2604;2586;2593;2596;2599;2595;2580;2572;2562;2534;2500;2483;
1622;1642;1680;1701;1740;1768;1800;1834;1864;1896;1926;1969;1994;2002;2000;
2483;2526;2567;2607;2621;
2000;2008;2011;2001;1982;
2483;2502;2534;2573;2643;2717;2790;2879;3020;3152;3295;3403;3435;
2000;1997;1999;2007;2021;2013;1987;1956;1890;1825;1802;1788;1751;
2484;2487;2494;2490;2480;2466;2436;2355;2291;2220;2128;2046;1962;1808;1707;1540;1463;1360;1310;1302;1252;1210;1142;1120;1121;1140;1159;1206;
2000;2006;2025;2065;2096;2132;2154;2167;2166;2150;2156;2166;2204;2232;2236;2258;2304;2341;2430;2496;2536;2528;2486;2393;2280;2182;2123;2107;
2308;2290;2257;2226;2185;2122;2022;1929;1768;1675;1647;1627;
2120;2123;2114;2083;2051;2013;1998;1961;1898;1836;1805;1790;
1627;1652;1689;1704;1739;1795;1866;1933;1998;2066;2135;2178;2203;
1791;1791;1787;1772;1742;1713;1704;1688;1671;1645;1623;1618;1619;
857;871;901;978;1011;1037;1056;1059;1057;1049;1055;1058;1074;1106;1137;1163;1171;
1420;1435;1457;1500;1530;1546;1573;1597;1640;1675;1720;1758;1791;1845;1862;1860;1855;
1366;1370;1379;1397;1422;1448;1469;1493;1516;1538;1570;1595;1615;1620;1633;1627;
2128;2129;2134;2140;2138;2123;2105;2055;2025;1989;1969;1945;1886;1845;1821;1791;
1488;1498;1502;1505;1496;1482;1469;1454;1417;1400;1385;
2020;2023;2035;2054;2074;2096;2113;2125;2142;2163;2172;
1376;1389;1401;1402;1394;
2184;2180;2170;2154;2135;
1488;1496;1517;1530;1540;1549;
2019;2012;2001;1989;1977;1957;
1445;1462;1477;1501;1540;1563;1573;1572;
1579;1579;1595;1622;1640;1653;1674;1681;
1572;1590;1618;1643;1666;1667;1666;1655;1643;1630;1621;1605;
1681;1674;1682;1694;1711;1730;1754;1790;1811;1849;1861;1863;
1605;1611;1637;1665;1711;1775;1872;1981;2018;2033;2033;2036;
1862;1859;1852;1840;1804;1789;1782;1757;1709;1631;1599;1574;
2036;2049;2064;2085;2108;2116;
1574;1580;1584;1581;1574;1558;
2035;2015;1994;1974;1950;1924;1903;1882;1884;1893;
1574;1582;1592;1601;1593;1575;1551;1521;1504;1486;
1893;1886;1865;1827;1793;1756;1666;1612;1535;1470;1412;1345;1281;1231;1180;1159;1132;1103;
1486;1492;1503;1508;1519;1549;1550;1535;1491;1451;1407;1364;1345;1312;1285;1255;1217;1197;
955;951;938;922;911;908;893;
1395;1376;1360;1340;1308;1285;1269;
885;897;915;942;956;
1345;1352;1363;1375;1395;
1020;1017;1007;972;942;910;885;
1357;1351;1347;1345;1345;1346;1345;
997;1007;1019;1034;1057;1074;1086;
1431;1427;1413;1402;1389;1383;1385;