6602;850;6460;833;6461;835;6462;837;834;838;6467;841;7392;825;849;6466;843;7450;840;844;847;845;846;6473;859;860;848;6463;823;12145;877;7451;842;12146;12144;862;863;864;7395;865;878;855;6700;861;12012;11986;12009;
12005;6476;6479;918;922;948;6484;925;924;12153;6482;923;930;824;6481;928;6480;931;929;945;2266;6485;6478;12182;6605;12183;944;940;6671;915;883;919;920;6483;932;6488;947;946;921;6603;936;3680;937;941;939;917;942;6670;6604;938;943;916;6486;927;935;6487;933;934;926;12004;12006;12007;12898;12901;13137;12181;
853;854;857;6475;856;6474;12003;882;888;893;12150;884;12151;7394;889;12148;12149;887;892;890;891;886;894;911;12152;908;912;909;3676;6606;899;3679;896;903;895;904;906;897;6609;900;3678;905;898;7393;901;902;6607;6610;910;3677;885;12041;12042;12046;12043;12185;907;12184;
6477;839;6465;829;836;879;827;828;6464;6837;826;12143;868;867;870;880;866;869;871;7449;874;822;873;872;6472;852;881;12147;858;876;875;851;11999;12001;12002;12000;
271;12051;250;248;249;7388;251;252;253;257;272;12142;273;275;277;278;279;290;243;244;256;7390;289;7389;280;7391;255;254;247;6836;6489;246;245;7245;6490;3612;287;11989;258;259;11991;11990;11988;11993;12897;11982;11992;
1361;3592;353;351;349;350;348;274;3589;276;291;3588;292;294;300;548;6569;547;345;3590;370;347;372;260;6568;3591;293;261;373;374;352;949;3593;820;803;806;7279;818;817;376;371;6503;816;6586;375;6583;819;821;11984;11983;11985;12008;
807;802;7275;6502;801;804;3609;8054;795;793;798;740;6558;813;831;814;808;6820;792;810;811;805;809;799;812;7448;796;8055;794;797;555;13136;11987;
620;532;7266;603;3611;600;580;2251;2253;6458;2257;2256;6459;2255;2262;2258;2259;2254;6457;2261;6456;2252;2247;2248;2245;2246;6455;6516;601;6517;2249;6454;2250;579;12011;12013;12044;12014;12010;2260;12019;
531;6651;602;578;706;587;633;596;748;632;615;635;6863;610;624;630;608;629;599;631;6535;754;607;604;576;7400;606;609;584;585;6532;583;7437;595;588;597;628;598;7465;
574;566;575;3610;605;582;573;7277;570;586;577;594;581;593;592;591;589;565;419;418;567;412;563;7467;568;564;634;6515;572;3614;571;7433;569;7278;449;3006;458;637;12877;6501;562;590;636;7434;407;3007;457;459;6534;409;
3005;3004;3002;405;403;408;401;7435;400;12179;6656;402;406;7401;6594;6654;491;392;393;6528;3616;3621;3617;6526;404;6527;395;3619;6657;3615;7402;3620;3618;6530;394;6653;426;425;6655;490;489;488;487;486;390;391;6525;462;396;6531;7414;12022;
7271;832;559;830;387;6585;386;378;377;552;556;554;6584;7447;777;774;778;747;781;780;787;7270;341;379;773;381;343;3626;382;384;385;558;557;739;4900;776;775;6510;7272;560;380;383;6559;
736;786;790;746;788;7269;785;779;766;784;7453;6511;725;727;724;730;6916;7284;756;759;732;709;708;731;750;751;749;741;745;6842;789;742;7444;744;743;782;551;733;734;7452;6509;7443;752;755;737;735;753;738;761;535;
346;344;6582;324;6911;325;326;336;334;543;6565;329;333;335;7439;783;340;342;7445;561;7268;3594;338;339;3637;337;327;8052;770;3597;3596;323;322;328;6581;309;311;310;308;321;6912;
7396;772;7440;713;7423;712;722;723;720;7221;716;718;536;411;7373;388;331;6879;330;8053;7371;764;332;7308;6601;771;539;711;717;537;533;715;695;12482;696;389;6508;307;763;7372;769;768;765;714;767;710;726;13886;728;7446;538;
312;3602;7220;173;7375;366;7361;6493;7247;151;170;152;169;168;6908;176;6877;368;7438;7281;367;6600;6822;306;7419;305;174;7420;7422;304;360;177;7421;357;2290;175;2297;165;6566;7217;178;6901;358;703;359;369;3682;164;
163;6829;6890;167;161;166;6923;159;7354;7218;157;7398;156;183;182;7253;162;160;216;7248;158;215;6652;154;153;6876;2295;142;141;3681;6878;146;172;361;7362;6556;6907;171;356;12070;12089;12090;12088;181;
207;6882;209;7356;189;6881;191;190;193;202;6883;204;205;7454;203;364;195;12141;194;7369;206;208;213;211;3712;6830;2294;7456;186;188;7219;210;7250;6891;212;184;187;6557;214;354;185;355;155;12073;12072;12091;
219;221;6893;222;217;262;6884;199;7350;198;218;2298;2291;264;263;2292;6895;265;121;122;119;2289;12140;2196;2287;118;2288;117;116;120;220;201;7455;197;196;192;6894;200;7457;7458;12076;12075;12104;12096;12093;12111;12099;
6494;3599;3601;301;320;6570;3595;319;6495;318;6915;3600;302;303;150;6498;6571;315;317;365;231;316;230;7273;545;229;6492;314;7357;7358;149;6875;148;147;145;544;546;6567;
286;299;6910;7274;298;296;6909;297;6491;285;7385;284;283;282;240;281;6560;7226;6580;228;12518;295;6497;6496;12517;225;227;6838;128;239;7386;7225;125;127;226;223;130;6555;6835;242;241;238;6588;237;235;236;233;12050;234;3613;288;11995;11994;12059;11996;
3607;224;6834;313;139;6913;138;3572;7376;11018;144;143;6860;140;134;136;6864;2293;363;362;3604;3603;7359;135;3606;132;6880;3605;131;133;7360;6914;137;12069;12068;12067;
1360;6589;124;232;6471;3571;123;6572;126;7227;3570;129;57;12519;2286;49;2269;3586;50;53;52;3574;54;56;7379;59;6553;6573;58;55;7387;991;3587;72;71;990;6548;7378;70;60;67;
3581;48;47;51;66;3573;46;44;34;37;3578;23;2283;22;27;28;29;35;12049;36;6552;30;31;3580;43;6562;42;3582;32;33;38;41;39;40;12047;45;24;6551;11998;11997;12905;
63;6561;989;6578;105;84;3576;98;6575;99;109;6577;64;65;95;96;6579;77;6554;81;7377;69;68;6549;73;74;78;79;3584;3583;80;82;83;7293;3575;94;988;7381;101;102;3585;75;7380;2270;76;6550;100;97;6563;
62;113;112;61;21;16;20;19;4;91;107;103;88;85;87;86;7382;104;6470;3577;106;90;89;2282;3;2284;0;1;2;93;5;92;2285;111;6468;6469;115;114;17;7;15;7383;6;13;12;6564;18;14;10;11;8;9;6576;108;110;26;25;7384;3579;12048;12057;12056;12904;
685;762;760;757;638;661;6512;639;641;674;677;671;679;680;681;541;815;758;707;7370;651;6514;656;12501;658;653;644;665;648;640;676;6513;668;670;669;678;7436;542;540;654;655;663;657;659;6518;667;649;461;660;
476;1285;1277;1284;477;672;673;675;463;3705;662;7442;3707;3709;3710;6523;1278;480;1275;1276;1280;1279;1281;1283;492;460;478;6519;464;479;481;482;6662;6533;1282;6536;3706;3675;6520;
12500;652;729;3608;646;666;647;664;682;3134;694;721;719;7368;6917;534;7397;12744;700;3097;698;689;3099;683;7252;691;3104;7441;697;6919;690;7249;693;645;650;643;684;688;3103;7214;3102;3100;692;687;2301;7280;
702;7424;180;2296;2305;179;6828;2302;7347;6887;3132;2303;7292;6902;705;699;701;7205;2299;2300;2306;2308;2307;6888;3080;3079;7208;3081;2304;3107;7207;704;7425;3096;3095;3085;3083;6889;3078;3077;6826;
7251;642;3183;3184;3187;7364;3126;7212;3101;3125;3112;7282;3111;6918;3118;6920;3119;3121;7290;3138;3144;3142;7288;3129;7265;413;7309;3185;6831;3186;3098;3141;7213;414;7418;3128;3127;6537;8056;3113;7365;3145;3143;6832;3140;3204;8062;
7216;7285;3115;6921;3114;686;7346;3110;7206;7215;6833;3108;3109;7363;3105;3124;6539;3116;3120;3137;3117;3135;7287;7339;3136;7286;7338;3106;3123;7332;7254;3082;7340;3122;3057;7289;3188;7211;6538;7345;3139;475;3084;3087;7426;3088;
7209;7325;6903;3076;3075;3044;3074;3045;6885;3093;3086;7326;6922;7210;3073;7336;6900;1428;3048;7328;3047;3049;6506;3042;3040;6886;3041;3046;7432;3090;3089;7327;3092;6904;3091;3094;7374;1429;7333;3064;7342;6672;12092;
6658;6621;3641;3644;6620;4995;427;428;4983;3624;3645;3646;4988;503;4985;508;506;11660;3622;4984;397;398;3640;3625;3647;507;4986;3623;6619;3642;3643;494;1287;3639;430;498;504;7403;505;509;499;4987;3638;442;12033;12025;
4997;4996;521;522;520;7409;519;7410;514;513;515;516;7406;12156;517;4992;4989;512;3648;495;511;510;524;6622;4982;523;518;527;7407;525;526;7411;6660;3650;4991;3651;12166;4993;3695;3652;7408;4990;3694;3692;12026;12027;12028;
2267;12503;2268;6840;1359;3009;12504;3010;1141;12127;12571;12570;3219;12576;3217;12573;12577;12509;1340;1142;1126;1341;12575;6874;3218;3199;3198;3197;8060;2203;6873;6872;1342;1134;1130;12511;12515;12116;12516;12115;12512;12584;12572;12124;12129;12126;12113;2202;12510;
2193;1353;6871;6870;1329;6869;2194;2199;6868;2198;2201;6866;6905;2213;6865;3063;1436;2204;2212;2197;6867;6592;2200;8058;2195;8059;6591;3060;7352;2214;1435;3058;7351;2228;2218;2217;7353;2219;3059;7430;7429;12109;12095;12112;
2229;2231;3072;2205;2220;3008;7257;2222;2223;3071;3062;7258;7334;3068;7427;3053;3051;3050;2230;6638;2233;7255;2232;6639;3065;3066;3061;2227;12480;3070;7335;3069;7428;3067;3131;3133;3166;7256;2215;6924;12094;
1438;3052;7341;1433;7337;7329;1431;6540;1432;7331;1434;7330;7431;6505;3174;3173;8061;1430;3056;6673;3172;3130;7259;6839;3175;3181;3194;3176;3192;6587;3191;3195;468;467;3055;1437;469;3190;3193;470;7344;
3054;4899;3209;471;3203;3210;3211;3213;6541;6507;7348;3205;3189;3212;3214;3207;3208;3200;3206;7366;1246;3202;3201;1248;1252;1253;6625;6626;1249;6823;1250;1251;1247;
399;493;3636;441;6659;3631;3629;410;6615;3628;6524;3632;424;422;1236;420;421;6529;3630;436;6596;3634;6617;3635;6616;3633;447;6624;448;6595;7413;3656;3657;3658;455;456;6618;446;7412;6597;3671;3670;
8057;3146;3147;6614;417;3708;6521;7416;7415;483;6613;1286;485;6522;484;1242;7417;423;437;3148;438;465;466;1239;6693;452;451;450;3702;415;416;1235;1241;1243;3704;7367;7228;439;1240;440;453;1274;6694;454;6598;3703;1237;
7343;3170;3168;3171;3157;7261;7260;1115;6827;3160;1118;2206;1119;7222;2224;3151;12308;2226;2264;1154;3220;2216;12478;6590;2225;3165;3169;7283;12479;7349;3152;3153;3158;3159;1117;1114;1116;6906;12155;2221;1085;12128;12513;12130;12514;1156;12131;
3154;3163;3178;3177;3180;3182;473;474;1244;1245;3149;6801;3150;3179;3156;3155;3167;6542;6543;1254;472;6640;12585;12598;12606;12605;
1259;6824;1255;1256;1257;1042;3241;3696;12609;3756;1258;1265;6634;1264;1266;4905;1043;3767;3766;3765;3697;1271;3242;1260;1272;3773;3698;3711;3240;3763;3778;3239;3777;3775;3776;12601;12600;12602;
6825;3236;1268;1273;6627;3238;3235;3234;1267;12607;1269;1270;10814;10813;12608;10812;11518;10811;11312;11517;10816;10815;11527;3769;3770;12174;10868;12173;3768;3780;3772;3774;3779;11310;11313;11319;11321;11314;11315;11316;12599;3237;12594;12595;12593;12596;12597;12592;12603;12604;
1238;6696;6698;6695;6690;6599;3785;6691;6692;6699;6697;6688;3755;3700;3699;3762;10875;3781;10876;11128;11129;11133;11134;3758;3760;3761;3757;3784;5042;6689;3701;3764;10883;11130;11131;10884;10885;10887;10886;11132;
549;553;627;616;7276;7466;6861;3215;529;800;6499;622;623;791;625;626;3627;6821;7267;618;619;612;621;6500;6841;6862;528;530;7399;613;611;614;617;550;
443;445;7405;3660;3662;3664;3666;3665;444;497;433;496;7404;500;502;429;6661;6623;3649;3732;501;11550;11658;3693;432;11651;3663;3661;435;7231;7229;11551;11512;11659;11552;7233;11406;7232;3783;6704;11554;11553;11571;11572;11555;11589;11635;
3667;3669;3668;3759;12167;11136;11135;11617;11616;11615;11614;11622;11621;11641;11633;11637;11636;11657;3686;434;3688;3687;3659;3684;3683;3672;3674;3673;3655;431;3690;3654;3685;3691;3689;11171;11619;11618;11623;11620;
3782;10870;10877;10879;10878;11606;11607;11608;11611;11595;11610;11573;11569;11535;10894;10895;10892;10869;3771;12175;10871;10872;10880;10881;11605;10874;10882;10873;11596;11609;11172;11568;10893;11175;10805;10890;11570;11574;11579;11601;10889;10891;
3216;1125;1155;7291;1343;1133;1339;1147;1345;6593;12574;1153;12481;3164;1127;1128;6546;1197;2209;2211;1172;1171;1344;1160;2208;1123;1149;2210;1101;1102;1157;12132;
1143;1338;1144;1337;1138;1335;1137;1139;1140;1334;1124;1146;12172;1083;3196;7223;1112;1111;1110;1109;7224;1330;1336;1122;1135;1136;1145;6545;12506;1356;12505;1357;3011;12507;6898;1355;1095;8063;6899;1131;1148;12123;12122;12121;12125;
1151;1150;1331;2207;1263;1129;1103;4902;4901;1100;1099;1107;1106;4979;1105;1205;1352;1181;1174;1165;1349;1333;1327;1152;1098;1332;1159;1158;1104;7324;1108;1121;1204;11543;6796;3161;3162;1113;1203;1350;1173;1169;1166;1351;1201;1084;6544;12588;12587;12586;
1132;1170;1175;1176;1227;1228;1354;1296;1295;5056;5059;6088;12508;2613;5051;8071;5053;1328;3012;6896;6897;1096;1097;1167;1168;1178;1177;5052;8072;5055;5054;6089;1298;1302;2586;2587;7317;1297;1226;1346;1347;1225;12120;
12582;6641;3716;12133;12569;12580;8065;3715;7323;4686;3720;5007;8070;12579;7263;5833;5832;3722;6086;6085;4977;12456;5834;7264;12578;4742;6797;3717;3713;8066;8068;4743;3714;7322;7321;3719;12581;5057;8069;5058;4976;2612;3718;7320;6087;8067;12119;
5060;5062;6204;4978;12462;12457;6201;6132;6133;6195;6194;6203;5061;5063;1300;1299;2646;6208;6209;6200;6192;6193;6202;6207;6205;12461;6131;6129;6128;6172;6171;6177;6174;6130;6169;6170;6173;6162;6168;6152;6084;6083;
12460;5831;5830;3721;12458;8064;3724;3723;12459;5008;2707;2706;12451;2683;2668;2701;2702;12454;3725;6206;6071;6070;6072;2700;2704;2705;6229;2708;2665;2666;12453;2657;2661;2660;2667;2663;2662;6649;4408;12452;2664;2659;2658;2669;12455;2670;2671;6228;2682;2684;2672;2674;2673;2685;2703;2699;4410;4407;12117;12118;12304;12307;12306;12305;
4406;4404;2693;2710;2686;2687;2676;2677;2675;2698;2697;2695;2711;2709;2681;2680;4402;4739;2719;2678;2679;2694;2696;2735;4721;2740;2720;2713;4738;2715;4818;2712;2714;1384;4353;2736;1382;1385;2656;1383;1381;4400;4405;4403;4820;12302;12300;12301;12303;
4903;11519;1215;12168;1164;10445;10446;4904;1162;7262;1214;1163;1091;1093;1092;1089;1087;1088;1090;4980;1202;1120;1179;1180;1207;1348;1182;1183;1191;1192;11536;1213;1200;1198;1208;1206;6547;1209;1086;1199;12589;12590;12591;
1218;1224;1229;1301;5064;11544;2585;11545;2589;1303;2580;2579;1305;1304;7312;7313;2591;2594;2593;1358;7318;1184;1185;1187;1188;1186;1210;1194;2590;2588;2572;2574;7311;2573;1195;7310;1211;6800;1196;1234;2582;2570;13344;13347;
5066;7316;2644;1217;2592;1288;2581;2568;2569;1221;7314;6081;2638;2615;6210;2640;2643;2645;5065;2647;2639;2641;2595;2652;2651;2650;2649;2648;1216;11530;1262;6082;1223;1219;2567;1222;2636;2635;2642;2637;2605;6211;6212;2609;6928;2625;2626;
6196;6178;6176;6175;6167;6161;6149;6150;6151;6198;6199;2604;2603;2610;2608;2623;2601;2602;2619;6110;6147;6148;6113;6197;6114;2611;2614;2617;2616;6112;2618;6166;6160;6156;6158;6157;6144;6111;6108;3523;3522;12312;12314;
11613;11624;11626;11612;11625;11628;11580;11576;10888;11575;10843;11682;11577;11582;11578;11408;11407;11648;11647;11640;11642;11645;11627;11638;11629;11631;11646;11630;11683;11602;11603;11604;11594;11581;11409;11521;11561;11566;10912;11650;11649;11643;11639;
6681;6680;6703;6702;11525;11634;11632;7230;6705;6686;11644;10930;11524;6685;3740;3728;3741;6682;6679;3743;11523;3749;11557;3726;6687;3742;11559;11590;11591;11562;10927;10929;10928;11513;11597;11600;11558;3729;3730;10910;11599;12177;12178;10911;11515;10926;11514;11169;11560;10931;6684;11405;6678;3731;3727;
6701;3737;3733;3745;3653;6674;3738;3746;3747;10997;11652;11547;11585;3748;11588;11587;11586;11549;11526;6677;3735;11355;3734;11027;11584;11028;11002;11001;11583;11357;11548;11000;10998;10996;3744;3750;6683;3751;11695;11697;11751;11358;11653;11688;11687;11546;
7469;4998;1463;7468;1461;7470;1451;12160;1448;4999;7472;7471;1462;1459;3736;12165;4994;6675;3739;10983;10984;11556;10985;10987;10988;12176;1460;1453;1452;6676;1449;1450;1443;1454;10989;12036;12029;12031;12030;
997;1001;965;6452;6453;1031;1030;1052;992;998;2265;1061;1064;1062;996;1058;12052;1000;12021;12233;12020;1053;999;12024;12023;12018;12015;12017;
1059;1066;1065;12154;1070;1063;1068;7476;1069;1067;1075;1057;1071;1072;993;12053;12054;1081;1470;1466;1078;6630;6629;1060;1050;1049;1073;7475;12055;6631;1467;1079;1074;1056;1051;6635;6636;1471;6633;12032;12035;12034;
1006;1019;12164;1015;1011;1009;1012;1005;1003;1002;12161;1004;1007;12162;1021;12163;1029;1023;1024;1025;1022;1017;1014;1013;1010;1008;1018;1016;6632;1027;1020;1026;1033;1032;1035;1034;1037;1036;12045;12186;12180;13130;12194;12016;
1468;1469;1044;1028;6628;1047;1046;1045;1048;3001;3003;1080;994;7473;1082;11009;11007;995;7474;1039;1040;1038;1041;1076;1440;11010;11011;11020;11022;11021;11017;11008;12158;12159;1441;12195;12040;12039;12037;13132;
1442;12157;1445;1446;1444;1455;11003;11004;10990;10986;10982;10981;10992;10994;10980;11379;11522;10993;10995;11361;10999;11360;11382;11383;11380;11376;11014;11015;1457;10797;1447;1456;11006;10991;11013;11005;11381;11363;12038;
1458;11012;11116;11118;11119;1464;1465;11655;11654;11117;11120;11023;11019;11026;11126;11127;11125;11016;11122;11124;11121;11123;11024;11025;11656;1055;11377;11168;11378;11373;11374;11375;11371;11370;11367;11369;11368;11365;11366;11364;11372;13363;13361;13367;13370;12198;13135;13134;1054;12197;1077;12196;13133;13143;13145;
11356;11359;11362;11763;11764;11765;11766;11815;11759;11770;11771;11772;11789;11767;11790;11845;11843;11840;11841;11844;11839;11842;11837;11838;11814;11809;11807;11808;11758;11756;11755;11754;11753;13364;13362;10969;13369;11769;13366;13372;13365;13368;13371;11768;
11689;11690;11694;11696;11691;11693;11692;11684;11685;11353;11686;10918;11354;11705;11757;11702;11703;11704;11701;11698;11699;11700;11598;10933;11170;11352;10917;10866;
11317;11318;11322;11567;11320;11306;11302;11311;11303;12610;10454;10453;10452;11542;10457;10458;10827;10804;11304;11305;11309;11307;11308;10828;10826;11174;10823;10825;10824;11520;11173;1161;10430;10451;10450;10443;10449;10448;10442;11539;10431;12170;10447;13349;13351;13352;
1233;1232;1291;2654;2655;1230;11540;1289;11538;1292;1293;11537;10444;12169;4981;10435;10432;1190;1189;1193;1306;1094;5342;1231;7319;6799;1290;11541;10439;10440;10433;1212;10438;10434;10436;1294;10437;10441;13345;13346;
6080;2583;5340;2584;2578;2571;6732;5341;6734;2575;2576;6733;2577;2621;2956;10565;10566;10567;10570;10574;10572;10573;10575;10576;10538;3506;3507;2600;6078;2596;6079;2599;2620;2622;2653;12171;10577;2598;1261;7315;10539;13342;13341;
2632;2634;1220;2633;2566;2597;3502;3501;2629;2606;2624;2631;2630;2565;3503;10540;3505;3504;2628;2627;2945;2946;2948;2947;3508;6019;2951;2950;10532;2607;10549;10548;10547;10552;13887;2949;10526;10536;10550;10551;10556;10558;10557;10553;10554;12313;12315;12311;12285;
6073;6090;6091;6127;6163;6164;6165;6159;6154;6124;6123;6122;6056;6064;6021;6075;5005;6055;5006;6076;6067;6066;6069;6068;6074;6126;6134;6077;6125;6065;6118;6116;6053;6058;6057;6054;6117;6096;12299;
6051;6007;6052;6026;5047;4602;5045;6049;4601;5044;6050;5049;5046;6012;5048;6013;6008;6227;6009;6025;6011;6015;6006;5043;5050;6016;6100;6101;6104;6010;6017;6018;6024;6061;6014;6023;6037;6022;6062;6036;6033;6035;6059;6102;6103;6060;6034;12297;12298;12296;12295;12294;12316;
6115;6105;6097;6106;6107;6140;6185;6182;6138;6139;6137;6143;6180;6183;6184;6187;6181;6142;6141;6120;6121;6136;6146;6135;6109;6095;2563;2564;6028;3524;6093;6092;6094;6098;6099;6119;6145;6153;6155;12310;
6045;6043;6038;6039;6041;6040;6048;6226;6042;6044;6063;6047;6046;6179;6188;6189;6224;6217;6216;6218;6225;6222;6215;6214;6213;6191;6230;6029;3516;2952;6031;6030;3517;3519;3518;3520;3521;6190;6219;6223;6220;6221;6032;6027;6186;12309;12288;12286;12287;12289;12293;12292;13218;13216;
10841;10842;10836;11528;10810;10819;11529;10820;10809;10808;10821;11030;10835;10817;10818;10822;11565;10839;10862;10838;10845;10829;10861;11331;11328;10849;11029;10846;10847;10848;11032;11198;11197;11196;11031;11330;11033;11179;11194;11193;11195;10850;10851;10919;11180;
10634;10472;10471;2958;10467;10466;10465;10468;10469;10629;10635;10633;10631;10630;10463;10461;10470;10460;10462;10578;10459;10456;11532;10455;11534;11533;13354;10807;10806;10464;10579;10581;10583;11034;10582;10580;10584;10585;10586;10587;2957;13343;13348;13350;13355;11531;13356;13353;
2944;10522;2943;10525;2942;5839;2940;1324;1311;1323;1325;1326;1312;1313;5404;5403;5401;5402;10523;1319;2941;1318;1307;1309;2939;1308;1310;1316;1315;1314;1317;5405;5406;2953;2954;1321;5771;5770;5837;5838;10524;10529;10528;10527;10533;1320;5835;5836;5424;5407;5409;5408;12284;12282;12283;13217;13219;
10546;10559;10555;10537;10535;10541;10530;10531;10497;10514;10521;10513;5422;5423;1322;5421;5754;5755;2955;5767;5847;5851;6232;10515;10500;10545;10543;10534;5846;5852;10495;10542;10496;10498;10520;10518;10519;10516;10517;5850;5848;5853;5842;10492;10499;10493;10544;10561;10571;6231;6020;10477;10491;5841;5840;10560;
10568;10564;10569;10563;10562;10502;10503;10494;10489;10490;10475;10476;10478;10486;10480;5882;5883;10505;10474;10473;10623;10625;10504;10627;10626;10624;10647;10640;10501;10632;10628;10594;10639;10643;10593;10636;10637;10602;10638;10644;10646;10645;10642;10641;10506;10507;5884;5885;10601;10600;10603;
10844;10840;3752;3753;10855;11661;11592;10913;10914;11593;10932;10854;10856;10852;11516;10837;3754;10859;10860;11329;11340;11341;11342;11326;11336;11327;10867;11332;10864;10916;11351;10863;10915;10857;10853;10858;11323;11563;11325;11324;11339;11343;11338;11333;
2914;2917;12134;6646;2936;2919;2920;7302;2921;2922;4689;2935;4898;4778;4834;2937;2938;3222;4777;3221;2923;4833;4835;4853;4848;4841;4731;7307;2912;1401;12137;1393;12136;6665;2932;12135;2918;2913;6666;2915;2916;2928;7301;10021;10023;6664;1424;2926;2927;2933;2934;2929;2930;2931;6663;12060;12061;12062;12058;12199;12902;10022;12906;12903;
2924;3223;3224;3226;4831;4832;4838;4836;4852;4854;4858;4896;4956;4908;4955;3230;3233;2925;3225;3229;3232;4863;4840;4864;4859;4851;4839;4837;3228;3227;3231;4434;4439;4533;4535;4534;4536;4870;4907;5028;5029;4959;4860;4869;4868;4866;4438;4433;4435;4437;12201;11385;11386;12583;11387;11384;12924;12910;12200;
4842;1394;1427;2911;1407;12138;2728;1400;2729;1395;1399;1409;7294;1425;1420;7462;7296;1411;1412;7295;1413;4776;1419;7297;1418;1415;7305;1410;4843;4690;1422;1421;2731;7300;7298;7306;7464;1426;4691;1423;2730;2733;1398;6667;1416;
4847;4849;4845;4844;1396;1397;2734;1402;2732;4780;4781;4861;4862;4894;4897;4960;4895;4975;4932;4846;4973;4974;4857;4349;4779;4295;4855;4856;4850;4972;5021;3598;4893;4294;4970;4971;4968;4962;4912;4913;5023;5031;5022;5030;4966;
4774;3015;1404;4775;1408;1403;4732;7304;1406;7460;2236;7461;2239;4692;6927;2242;2237;1414;7303;6925;6926;2235;1417;2234;2238;7299;7459;2241;3016;2244;7463;2243;4733;4773;4772;4927;4783;4784;1405;12098;4693;12097;
1366;12139;1368;1365;1373;1362;1363;6642;1371;6644;1372;6643;1374;4807;4348;4787;4785;4961;4797;1364;1367;4786;4771;4734;6668;1370;4736;4806;4735;4737;4800;4809;6669;4946;4808;4794;4795;4796;4792;4967;4969;4793;4790;4799;1375;4965;4791;4789;4788;4928;12103;12102;12108;12107;270;12110;
1387;4688;6645;1389;1391;6648;1390;4782;2240;6647;2690;6650;2689;4687;2688;4409;4401;4398;4399;1392;4944;4945;5013;5020;4943;4942;1388;1380;1376;1377;1369;1379;1378;2691;2692;12105;12106;12114;
2741;5012;5019;5017;5018;5014;4805;4804;4801;4803;5015;4802;5009;5010;5003;5004;5011;5016;4954;4952;4939;5000;4958;4940;4957;4938;4933;4892;4891;4941;4347;4507;4508;4514;4798;4350;4506;4513;4512;4890;5002;5001;4719;
2737;4355;4354;4359;4600;4741;4740;2721;2725;4947;4817;4816;2723;4749;6798;4763;4815;2738;4811;4819;2717;2716;4720;1386;2718;4764;2727;2722;4751;4750;2726;2739;4810;4748;4744;4357;4599;4356;4351;4352;4762;4747;4358;4598;4388;4745;4769;
4373;4375;4713;4378;4372;4369;4306;4302;3935;3934;3933;4370;4379;4371;4715;3926;3923;3936;3927;3928;3932;4377;4376;3929;3930;3931;4714;3939;3919;4712;4710;3918;3916;4711;3937;3938;4299;4301;4303;4305;4307;4368;4367;4572;12256;13212;12257;13262;13213;12258;12259;13214;12260;4374;12261;12290;12291;
4360;4361;4362;4365;4364;4366;4363;4580;4587;4586;4585;4584;4583;4603;4596;4582;4597;4595;4614;4590;4594;4593;4591;4589;4588;4592;4578;4574;4573;4577;4576;4392;4581;4389;4579;4390;4571;4334;4337;4610;4611;4606;4608;4604;4609;4391;4605;4304;4575;4607;4616;
4327;4324;4325;4328;4308;4300;4310;4309;4245;4298;4242;4237;3943;3953;4919;3954;3855;4296;4293;4292;4323;4322;4326;4320;4321;4311;4336;4335;4338;4319;4286;4112;4920;3942;4317;4339;
4238;3917;3915;4709;3914;3913;3912;3901;3900;4707;3921;3925;3956;3964;3960;3959;3962;3369;3371;3862;3372;3940;3941;3860;3946;3945;3947;3952;3951;4243;4244;4241;3924;4239;4708;4240;3949;4705;3861;3955;3944;3950;3948;4706;3920;3922;13211;12255;13243;13242;11414;
3963;3969;3899;3888;3889;3892;11396;3967;3968;3961;4099;4088;4096;4087;4086;4085;3966;4097;4084;3890;4704;3891;3965;4081;4090;4082;4083;4089;4095;4098;4100;4094;4093;3863;3373;4091;3958;3957;4092;4054;4049;3984;3982;3353;3864;12253;13210;11397;11398;13215;12254;13241;
4058;3492;3493;4056;4055;4060;4061;4702;4703;3898;3849;3851;3983;4050;3985;4021;3990;4020;3847;3352;3850;3351;3846;3350;3349;4700;4697;3893;4698;3895;3894;4695;4699;3896;3897;4701;4057;4059;4694;3348;3845;3485;3368;3484;3483;4022;3491;12251;12252;
3380;3382;3376;3374;4915;3375;3515;3370;3858;4918;3856;4914;3859;3857;3971;4104;4103;4282;4281;4111;4109;4102;4069;4071;4072;4917;3377;3378;4110;4105;4070;3970;3514;3381;4916;3379;4101;4108;4284;4068;
4931;4436;4428;4427;4423;4424;4422;4421;4419;4420;4431;4531;4530;4425;4426;4432;4532;4867;4871;4872;4885;4877;4865;4876;4628;4629;4570;4821;4875;4884;4882;4881;4880;4878;5040;4906;5033;5039;5041;4883;5034;5032;5026;5038;5037;4879;5036;4873;4874;4568;4569;13009;12203;12923;12202;
4418;4417;4415;4411;4413;4414;4416;4477;4412;2474;4668;2473;4670;2475;4528;4527;2477;4671;4525;4537;4524;4471;4472;4562;4560;4561;4627;4566;4474;4565;4430;4476;4475;4529;4478;2472;2476;2470;2471;4669;2468;2498;4538;4526;4473;4567;4622;4621;4625;4624;12205;12204;
2480;2481;2497;4666;2457;2469;4667;2459;2496;2512;2511;4665;4672;2422;2433;2455;2456;6795;2458;2503;2479;2427;2421;4650;2426;2428;2500;2510;2509;2507;2508;2499;2501;2506;2505;2429;2502;2504;2425;2424;2423;2420;2419;4664;12209;12208;12207;12206;
2417;4653;2430;4646;2431;2418;2414;2415;4685;2416;4632;2461;2460;2494;2493;4663;4651;2452;2451;4647;2436;2454;2453;4648;2437;2435;2434;4649;2448;2462;2445;2447;2446;2450;2515;4662;2495;2489;4643;2485;2491;4642;2492;2478;2514;2516;2517;2518;2513;4641;2490;12211;12212;12210;13012;
2413;4631;2449;4630;2465;2438;2412;6843;2432;4634;4683;2482;2558;2557;2556;4661;2483;2439;2560;3797;3798;2527;2525;2522;2484;4639;4638;2553;2521;2552;4654;2562;2554;4652;2526;4635;2464;2463;4645;2524;4636;2559;2534;2523;4637;2520;4681;2466;12213;12214;13005;
4466;2519;4682;4457;4456;4452;2486;2487;2488;4453;4454;4462;4461;4459;4458;4467;4468;4469;4470;4539;4540;4522;4541;4460;4465;4543;4542;4563;4564;4623;4626;4723;4724;4725;4726;4548;4546;4463;4544;4547;4545;4523;4722;4449;4455;4464;
2440;4633;2442;2443;4659;2547;2545;2550;2549;3789;4675;3905;2441;6844;2555;2540;2541;2539;2543;6794;2542;4660;2444;2548;4657;4658;4644;2530;2529;2531;2532;2528;4684;2561;2533;4656;4674;3904;3792;3799;3803;3804;3805;3814;3815;3821;3820;3824;3822;3818;3819;3790;3791;3569;3568;3816;4655;3810;3811;12215;
5027;5024;4829;5025;5035;4911;4496;4825;4827;4830;4828;4823;4728;4729;4822;4910;4909;4824;4826;4730;4288;4963;4964;4929;4930;4925;4509;4503;4505;4297;4504;4924;4926;4727;4495;4497;4498;4501;4502;4510;4511;4499;4500;
4450;4451;2535;4444;4557;4558;4559;4445;4640;4291;3794;3795;3802;3793;2536;4429;4446;4447;4448;4494;4443;4493;4492;4441;3808;3809;3796;3806;3813;3812;3825;4440;4490;4491;4442;3817;3807;4673;3801;3800;4489;
4515;4488;4487;2537;2551;2538;4617;4887;4516;4519;4518;4481;4480;4486;4517;4520;4888;4889;4936;4934;4619;4620;4618;4554;4752;4753;4950;4937;4935;4886;
4613;4612;4387;4385;4386;4615;4746;4393;4395;4765;4768;4770;4814;4948;4922;4949;4951;4923;4812;4921;4555;4553;4397;4341;4342;4381;4382;4380;4346;4383;4766;4761;4755;4754;4333;4756;4384;4394;4396;4757;4758;4759;4760;4767;4813;4953;
4074;4073;3981;4053;4048;4123;4124;4122;4065;3980;4066;4126;4127;4125;4067;4064;4121;4131;4133;4129;4120;4063;4062;3396;4235;4255;4077;4052;4076;4128;4132;4208;4207;4202;3397;3398;4236;4209;
3823;3908;3909;3910;3911;3906;3907;4006;4483;4676;4214;4216;4215;4289;4479;4482;4484;4485;4218;4217;4113;4003;4002;4114;4680;4521;4556;4220;4315;4219;4679;4119;4285;
2546;2467;6845;3786;2544;3563;3565;3564;3829;3830;3834;3841;3839;3840;6792;3832;3838;3390;3392;3992;3835;3567;3902;3787;3998;3993;3996;3827;3828;3566;3836;6846;3833;3837;3826;3991;3997;3994;3999;3788;4213;4004;4005;3903;3831;11393;11394;12217;12216;12218;13004;
4272;4276;4279;4273;4274;4287;4118;4312;4313;4550;4549;4551;4552;4314;4330;4332;4331;4316;4344;4340;4222;4221;4277;4275;4329;4290;4280;3973;3972;4318;4343;4345;
4115;4224;4116;4225;4117;4226;4252;4254;4251;4248;4257;4258;4234;4249;4233;4247;4232;3978;4230;4223;4246;4229;3995;3979;3977;3976;3974;3975;4000;4001;4259;4256;4260;4231;4107;4250;4106;4253;4228;4278;4283;4227;
4696;3488;3490;3487;3486;3494;3562;4037;4031;4038;4045;4046;3559;3560;3357;3359;3360;3362;3365;3366;3364;4040;4041;3361;3561;4047;4042;3500;3499;3498;4033;4032;4044;4043;3363;3986;3358;3342;3341;4718;3339;12249;12250;13207;13206;12237;
6793;3388;3383;3384;3389;3842;3843;3391;6779;3387;3385;4678;3873;4677;3872;6788;3871;4144;4143;6786;4139;3874;3875;4140;6780;3393;3386;3394;3395;3400;3399;4203;6787;4201;4200;4198;4197;6785;4196;4146;4145;3870;6784;12221;12220;12219;13007;13170;
3495;4716;4034;4717;3496;3497;3356;3303;3304;3306;3278;3315;3340;3309;3305;4035;4036;4039;3308;3307;3297;3313;3314;4177;3312;3316;4188;3338;3337;3336;3311;3281;3277;3354;3283;3271;3268;6790;3272;3274;3355;3276;3287;3286;3285;3282;3334;3284;3335;4193;12236;12235;13205;13237;13235;
3537;3536;3531;3530;3529;3532;3535;3533;3534;3511;3539;3541;3540;3510;12243;12242;3538;3509;3542;3543;3544;3545;3512;3489;3513;3554;3553;3552;3551;3556;3550;3557;3549;3548;3558;3547;3546;3555;11402;11400;11399;11401;11410;11411;12245;12238;12239;13236;13759;13761;13298;13240;13238;12240;12241;13239;13284;12248;13209;12247;12244;12246;13208;
3273;3261;3260;3259;3262;3263;3252;3253;3251;3291;3246;3292;3289;3290;3254;3265;3264;3319;3288;3332;3321;3320;3256;3275;3257;3258;3255;3270;3328;3330;3329;3323;3293;3298;3243;3244;3331;3327;3326;3333;12231;12232;12234;
6791;3245;3250;3043;3249;3248;3295;3294;3296;3299;3322;3300;3324;3325;3310;3301;3317;3266;3267;3302;3269;3247;3401;3318;4150;3404;3403;4151;3876;4152;4153;3402;4147;3877;4149;4148;3279;4185;4183;3280;4154;4184;12228;12229;12227;12226;4186;12230;13166;13855;13165;13854;
3878;3879;4155;4165;4187;4192;4194;4191;4189;4195;4182;4176;4173;4174;4163;4167;4166;4164;4162;4159;4158;4157;4156;3880;3881;3883;3884;3882;4175;4172;4168;4161;3852;3885;4160;4169;4170;4171;3345;4180;4190;4181;4178;4179;3344;3343;12225;12224;13164;13177;
6789;6782;3865;3853;3866;4141;3886;4271;4265;4261;4262;4211;4212;6783;4142;3869;3887;6781;3867;3868;4210;4267;4266;4268;4269;4270;4007;4010;4138;4263;4264;4205;4204;4199;8362;12222;3854;12223;13163;13174;
3367;3848;3989;3988;4015;3987;4014;3346;4013;3347;4009;4008;4011;4137;4136;4206;4134;4030;4130;4075;4078;4051;3844;4019;4017;4016;4018;4028;4024;4029;4135;4025;4023;4012;4027;4026;4079;4080;
5546;5545;5544;5543;2970;2991;5538;5537;5539;5540;5542;5541;2983;2977;2975;2973;1472;2974;1473;1474;2959;2961;2960;2962;2963;2978;2979;2980;2981;2976;2984;12264;12267;12266;12263;12262;12274;12275;
2964;2972;2971;5330;5533;5532;5524;2969;2968;5329;5531;5328;2967;2965;5327;5331;5523;5525;5536;5535;5534;5526;2988;2998;2997;2992;2982;2995;2994;2996;2987;2990;2989;2993;2999;2986;2985;3029;3000;5386;5344;5378;5343;12276;12265;12268;
5332;2966;5611;5606;5605;5385;5387;5528;5529;5530;5527;5384;5390;5388;5607;5610;5337;5609;5608;5389;5383;5338;5339;5376;5067;5335;5347;5336;5334;5375;5068;5377;5333;5345;5800;5806;5374;5372;5371;5801;12277;12278;
3035;5350;3034;3033;3037;3036;5740;5298;5746;5747;3038;2724;5352;5351;5726;5742;5743;5741;5592;5595;5346;5593;5348;5349;3030;5379;5380;3031;5381;3032;5382;5744;5597;5596;5745;5729;12269;12270;
5368;5373;5604;5802;5807;5808;5809;5594;5805;5602;5599;5601;5804;5803;5586;5585;5603;5370;5369;5365;5366;5367;5364;5584;5582;5589;5591;5600;5789;5796;5598;5636;5790;5799;5798;5797;5583;5588;5587;5590;5612;5793;5794;5547;5549;5575;5613;
5358;5360;5359;5357;5355;5356;5391;5392;5398;5397;5396;5400;5411;5412;5410;5425;5639;5413;5399;5393;5361;5362;5363;5645;5647;5646;5657;5656;5658;5659;5638;5630;5426;5640;5776;12280;12279;12281;13220;
5732;5728;5727;5725;5354;5353;3039;5299;5427;5748;5751;5428;5478;5440;5479;5480;5749;5752;5753;5750;5737;5730;5731;5733;5481;5482;5467;5734;5735;5648;5651;5637;5738;5739;5736;5473;5441;5474;5477;5476;5470;12271;
5415;5414;5420;5768;5417;5416;5515;5641;5516;5510;5419;5514;5512;5511;5671;5418;5769;5772;5773;5810;5775;5672;5774;5757;5756;5566;5758;5629;5567;5564;5513;5642;5558;5559;5569;5565;5563;5568;5562;5787;5784;5761;5760;5811;5759;5561;
5778;5785;5548;5777;5644;5550;5551;5795;5792;5791;5654;5486;5507;5782;5572;5643;5394;5395;5553;5485;5786;5781;5780;5779;5655;5484;5557;5616;5556;5571;5619;5509;5517;5519;5518;5615;5614;5555;5554;5552;5618;5617;5493;
5652;5653;5487;5489;5508;5522;5483;6720;5505;5650;5492;5465;5466;5443;5468;5469;5471;5447;5446;5450;5497;5499;5827;5828;5502;5454;5494;5520;5503;5504;5506;5488;5649;5491;5456;5457;5501;5463;5490;5461;5464;5462;5460;5459;5458;5442;5444;5445;5448;5453;5500;5455;5452;5498;
5302;5301;5304;5303;5300;5309;5475;5472;5326;5312;5310;5307;5317;5316;5308;5429;5306;5305;5320;5315;5318;5319;5982;5984;5980;5981;5313;5314;5311;5324;5449;5451;5495;5325;5322;5321;5973;5975;3429;3431;3433;3432;3430;5323;5496;5430;5433;12272;
5620;5570;5573;5634;5635;5633;5824;5631;5574;5622;5621;5560;5623;5628;5627;5626;5788;5624;5625;5863;5867;5868;5865;5632;5864;6731;5822;5823;5825;11234;5521;5826;10659;11284;5829;10655;10656;10657;10658;11283;11293;11287;5783;
6713;6714;1581;1593;1580;1579;1585;6712;1592;1594;1591;1590;1583;1582;1586;1587;1588;1584;1544;1537;1538;1547;1540;1542;1541;1539;1552;1543;1545;1546;1550;1560;6715;6730;1536;1534;1549;5576;5577;1553;12618;12617;12619;12620;12623;12624;12714;12715;12777;12622;
1595;6728;1596;6725;6726;6727;1597;6723;1589;1598;1601;1599;6722;6724;1611;6721;1612;2790;1644;1616;2789;1615;5673;1614;1600;1603;1618;1621;1620;1619;1602;1613;1630;5663;5662;2788;1629;1639;1648;1662;5660;5661;2787;1663;1649;1641;1640;12616;12615;12614;12720;12716;12717;12719;12718;12721;12722;
1643;1638;1637;1617;5664;1561;1666;5676;1664;1650;1623;1677;1665;5668;1661;5669;1657;1654;1653;1651;1658;1652;1642;1667;5665;1660;1659;1669;1668;1656;1673;1671;1672;1670;1655;1675;1625;1674;1676;2785;2784;5666;1646;2772;2786;12746;12846;12845;12782;12747;12748;12781;12745;
5683;5684;5681;5682;5680;5679;5678;5677;5686;5689;5687;5674;5675;6729;1628;1626;13888;1627;1634;1686;1647;5685;5691;5692;5690;5688;1687;1635;1636;1633;1610;1631;1622;1604;1605;1606;1632;2829;2827;1609;1608;1607;2783;12613;12612;12611;
1624;1678;5667;1682;1683;1684;1680;1681;1679;1685;6709;5670;1702;1700;1697;1703;1704;1698;1707;2793;2796;2794;2834;2795;2766;2765;2762;2767;2764;2763;2836;2812;2811;2907;1699;2773;2768;2769;1705;5439;1708;1706;2770;2771;1701;2828;12756;12754;12750;12751;12752;12753;12749;12755;
5434;1688;5431;5432;5702;5698;5701;5700;5697;5694;5693;5715;5711;5712;2826;2830;1645;5695;5699;5704;6256;5713;5718;5717;5696;5705;5716;5719;5722;5714;6257;5964;5963;5961;5721;5720;5706;5708;5703;5710;5707;5435;5437;5709;5962;12273;
5971;5438;5436;5985;5986;5983;5976;5974;6000;11202;5999;5978;5977;5987;11201;5992;5990;5988;5989;5979;5991;5972;5967;5968;5970;5724;5965;5966;5996;5994;5993;5995;5997;5969;5998;6345;6339;6334;5723;6333;6337;6347;6346;
3442;3440;3428;3426;3425;3424;3427;3422;3419;12807;1813;3423;3441;3445;3443;3420;3421;3416;3418;3434;3438;3437;3435;3452;3450;3449;3453;3456;3436;3448;3447;3446;3444;3451;3455;3457;3458;3459;3439;3461;3460;3469;3468;3454;3462;3473;3474;3470;3471;3472;3463;3465;12808;12810;12831;12832;12833;12809;12837;12798;
11263;11262;11204;11207;11205;11206;11264;11292;11294;11295;11203;11276;11275;11281;11282;11291;11280;11277;11272;11252;11274;11273;11269;11257;11256;11254;11271;11253;11251;11228;11250;11249;11255;11259;11261;11260;11279;11278;11290;11270;11268;
11813;11835;11776;11775;11774;11952;11836;11810;11951;11959;11958;11957;11954;11849;11898;11812;11811;11847;11846;11899;11816;11923;11927;11913;11819;11820;11906;11914;11924;11921;11916;11925;11917;11926;11910;11915;11903;11909;11904;11905;11911;11912;11908;11907;11945;11823;11821;11822;11939;11940;11946;11944;11889;11850;13358;11818;11773;13359;11777;13357;11817;13360;
11950;11948;11941;11942;11938;11936;11834;11833;11872;11832;11875;11883;11888;11937;11935;11886;11854;11891;11892;11947;11893;11852;11851;11799;11853;11736;11738;11879;11877;11878;11859;11860;11962;11874;11881;11880;11882;11887;11949;11943;11890;11884;11885;11873;11871;11870;11965;11966;11964;11934;11831;11830;11869;11961;11963;11930;13374;13373;
11864;11803;11863;11931;11932;11967;11933;11972;11973;11970;11971;11975;11829;11828;11974;11827;11969;11868;11826;11825;11824;10966;10965;10964;12560;10960;10956;10959;11865;11866;11867;11806;10970;10973;10968;11968;11805;11804;11802;11801;10971;10972;10974;11800;13380;13379;13381;10961;10962;13378;10963;13383;13382;10958;13390;13388;10954;10953;13387;10957;3417;10955;12861;12862;12859;10967;12860;13375;13376;13377;
2797;2799;2801;2779;2778;2777;2781;6707;2792;2809;2782;2780;2800;2802;2798;2908;5887;2805;2806;2808;2810;2831;2832;2833;5888;6234;2835;5924;2837;6244;6241;6239;6235;5889;2791;2825;2841;2891;2807;2840;5892;5925;6236;6237;6243;6238;6382;5894;12757;12758;12779;12778;12769;
2839;2838;6240;6376;6325;6326;6246;6245;6331;6327;6259;6258;6335;6338;6340;6341;6374;6375;6332;6329;6328;6336;6330;6357;6380;6378;6242;6377;6379;6352;6351;6354;6344;6342;6343;6348;6356;6355;2909;
2804;2894;2895;2896;2899;6708;2760;2759;2775;2774;6710;2761;2756;2776;2758;6711;2893;2892;2803;2813;2814;2815;2897;2898;2816;2902;2901;2900;2820;2817;5893;2819;2818;2877;2871;2870;2872;2890;3525;12774;12770;12771;2757;12775;12772;12773;13312;13326;13397;13327;3528;11451;
2878;2824;2822;2821;2823;2853;2879;2881;2883;2889;2884;2849;2882;2865;6291;6004;2850;2851;2888;2858;2859;2874;2873;2876;6005;2875;2885;2886;2854;2856;2855;2857;2852;5960;6001;6412;6411;6414;6290;6313;6415;6416;6413;6410;6002;6608;6314;2846;2887;2880;12783;12784;12785;12786;12838;12799;
2903;2904;2863;2869;2864;2867;2866;2906;2860;2861;2862;5890;5891;2905;2842;6383;6388;6381;6387;6360;6363;6365;6384;6306;6307;6386;6385;6364;6308;6309;2868;2843;6358;6359;6361;6362;6401;6400;6398;6311;6310;2844;2845;6293;2847;6404;6368;6367;6402;6407;6405;6399;6294;
6350;6349;6390;6393;6353;11227;11229;11230;6425;6247;6448;6392;6395;6394;6391;6389;6323;6322;6324;6320;6321;6248;6420;6422;6426;6446;6450;6449;11226;6447;6427;6424;6423;6421;6370;11258;11209;6451;6266;6428;6429;6369;
6003;6273;3480;3481;2751;2749;6254;2750;6252;2752;3482;2753;5956;6272;2754;2755;6271;6276;6274;6281;6280;2910;6409;6408;6292;6611;6612;6806;6807;6279;6275;6277;6443;6285;6284;6250;6286;6283;6417;6444;6803;6804;6805;12787;12788;12797;12796;12789;12794;12790;12791;
6295;6312;6296;2848;6403;6406;6397;6366;6304;6371;6319;6297;6298;6315;6300;6305;6318;6396;6317;6299;6255;6372;6301;6249;6373;10678;6442;6302;6270;6278;6282;6802;6316;8628;6440;10681;10683;10682;10679;6441;6439;6445;
6430;6431;11210;11211;11232;11221;11231;11222;10671;11224;6303;11216;11212;6267;11213;11219;11208;11218;11217;11220;11214;10673;10675;11223;11266;11233;11225;10670;10672;11239;11240;
2743;6253;2742;2745;2746;5959;6814;2747;2744;6265;6264;6263;6262;6819;6260;6261;6251;6419;5957;6818;10724;11087;10725;10719;10721;2748;11077;10720;11092;11090;6816;6418;6287;6288;3475;6289;11091;10688;11086;11089;11093;11666;11088;11094;10722;10723;12793;12792;12795;
6437;6438;6435;10680;6436;6815;6434;11215;10677;6268;10676;6269;10686;11672;6432;6433;6817;10687;11671;10684;10747;10674;11673;10748;10685;11665;11667;
6233;5843;5854;5849;5845;5812;5765;5764;5813;5763;5859;5860;5861;5762;5862;5869;5877;5816;5821;5820;5815;5817;5814;5766;5844;10479;5879;5866;5871;5874;5875;11285;11289;11286;5873;5872;5870;10652;11288;
11200;10660;10661;5880;5878;5858;5876;5857;10481;10487;5855;5818;5819;10488;10654;10653;10511;10483;10485;5881;10510;5886;10508;10599;10598;10608;10597;10595;10509;10484;5856;10482;10621;10622;10607;10596;10610;10614;10616;10613;10615;10648;10649;10617;10611;10650;10651;11296;10662;10618;10612;10609;10512;10605;
11199;11265;11297;10664;10663;10665;10668;10669;11247;11248;11267;10667;10666;10777;10728;10776;10779;10726;10732;11164;11163;11161;11160;10727;10730;10775;10780;10729;10778;10620;10783;10907;11061;10781;
10590;10589;10588;10830;11035;11045;11177;11176;10592;10591;11042;10604;10606;11040;11037;11038;11036;10903;11039;11041;11048;11046;11047;11043;10901;10909;11044;11165;11137;11178;11192;11167;11191;11181;11188;11182;11184;11189;11166;11067;10897;
10898;10834;10899;10833;10619;10832;10900;10904;10906;10908;10905;10902;10831;11059;11066;11063;11060;11062;11064;11065;11051;11050;11053;11054;11052;10740;10793;10794;11141;11140;11706;11049;11733;11749;10938;10795;10792;
11788;11350;11344;11349;11955;11956;11848;11953;11792;11791;11785;10942;10943;10941;10940;11346;11348;11345;11347;11752;11786;11787;10924;10923;11896;11897;11895;11760;11793;11795;11919;11918;11922;11894;11784;11761;11794;11920;
11186;10920;10802;11564;10798;10921;11334;10865;11335;11337;10934;10896;10935;10936;10937;10939;10922;11058;11056;11055;10944;11139;11183;11190;11187;11185;10803;10799;10801;10800;10796;11138;11057;
1727;1712;1726;1780;8414;1714;1779;1713;8441;8440;1709;1710;1728;1778;1711;8415;3526;1773;1715;1774;1775;1716;1777;1717;1718;1731;1723;5958;1782;1722;1721;8413;1720;8435;1724;1783;1781;1729;6813;1776;1719;1732;1730;12804;13328;12839;12811;12812;12829;12828;12803;12800;12801;12802;12805;
12806;1736;1735;1738;6808;1737;6810;2263;6809;1733;1734;1741;1725;8434;6811;1799;8427;1743;8428;1744;1740;8433;8431;1750;8416;1742;8438;8429;1785;1801;1760;1745;1759;8432;1739;8430;1746;8436;1784;1749;8419;8418;1748;8417;13329;12827;13330;12826;12825;13571;12813;12840;12814;12841;
1751;1753;1757;6706;1758;1761;1762;1812;1763;6812;1756;8439;1802;1793;1754;8420;1752;1755;8423;1747;1769;1770;8421;8422;1771;1765;1772;8424;1803;1767;1766;1764;1800;8426;1768;1788;1787;12824;12823;13331;13332;12821;12822;12820;12815;12816;13569;13677;13622;13570;
1823;1819;1825;1820;1826;1830;1827;12848;11509;1828;1818;1817;1822;1814;1821;1829;1815;1816;1794;1811;1810;1798;1797;1796;1795;1790;1804;1805;8437;1806;1792;1808;1809;1807;1786;8425;1789;1791;12817;12818;12819;12830;13333;12850;1824;12847;12849;13334;
11080;11078;11079;11083;3464;3466;3467;11082;11081;11084;10707;10704;10705;10706;10711;10710;10712;10713;10708;11085;11099;11102;11101;11105;11104;11100;11103;11098;10718;11096;11097;10717;10696;12836;12834;12835;
11110;11111;11070;11071;11068;11069;11072;11075;11107;10976;11108;11112;10699;11114;11679;11113;10979;11677;11676;11159;11115;10698;10703;11109;10716;10715;10714;11106;10709;11076;11074;11073;12851;12852;12854;12853;12864;11510;12869;12868;12855;12856;12858;
10690;11095;10691;10692;10693;10694;10751;10749;10689;11670;10750;11669;10765;11238;11235;10766;10768;10764;10752;10695;10753;10763;11236;11668;10767;10762;10769;11237;11243;11242;11241;11246;11245;11244;10746;10744;10739;10745;
10743;10735;11162;10742;10785;10741;10731;10791;10790;10782;10789;10784;10788;11143;11142;11146;11148;11147;11750;11732;11762;11144;11709;11300;11708;11707;11145;10925;11299;11301;10787;10786;11710;11726;11674;10734;10733;11797;11796;11901;11902;11900;11798;11731;11778;11782;11779;11730;
10736;10759;10761;10738;11149;10737;10760;10758;10757;10756;10755;11662;10754;11663;11664;10701;10702;10697;10700;11154;10773;10770;11152;10771;11150;11711;11298;11723;11724;11712;10772;10774;11157;11155;11156;11153;
11783;11780;11716;11727;11725;11715;11728;11717;11713;11151;11729;11734;11781;11735;11737;11718;11714;11158;11856;11876;11719;11855;11743;11739;11745;11857;11744;11720;11741;11678;11681;11740;11680;10978;10977;11675;10975;11861;11862;11929;11928;11960;11746;11858;11748;11747;11742;11722;11721;12857;12866;12867;
7156;7157;7141;7142;7143;7159;7144;7145;7153;7151;7146;7147;7137;7154;7155;7158;7139;7162;7183;7161;7160;7140;7195;7194;7184;7138;7182;7163;7181;7199;7200;7201;7136;7152;7148;7149;7123;7122;7119;7108;7106;7150;7128;7124;7121;7185;7196;7197;7135;7105;7102;7120;7126;7125;7129;12653;12654;12652;12651;12650;13280;13283;13745;13780;13785;13781;13734;13733;13282;13281;
7165;7166;7167;7168;7164;7178;7179;7193;7187;7202;7198;7186;7127;7103;7101;7055;7056;7083;7084;7191;7188;7130;7057;7131;7189;7190;7180;7177;7192;7176;7175;7133;7058;7132;7174;7169;13278;12649;13291;13292;
7067;7068;7093;7094;7066;7096;7090;7065;7064;7063;7061;7171;7170;7172;7060;7089;7059;7134;7087;7098;7086;7085;7095;7097;7092;7069;7088;7071;7082;7091;7080;7081;7072;7042;7043;7044;7052;7051;7049;7048;7045;7046;7047;7041;7040;7019;7039;7016;7038;7033;7173;7070;12673;7050;12672;12675;12674;12671;12665;12664;13311;12679;12669;12668;12681;13276;13277;12648;7062;12647;
7078;7077;7076;7054;7104;7107;7053;7099;7032;7028;7075;7079;7073;7036;7035;7037;7031;7074;7021;7027;7029;7034;7017;7020;7015;7018;7014;7000;7001;7002;6999;6997;7013;6998;6996;6995;7004;7011;7007;7006;7009;7005;7008;7010;7012;6991;6993;6994;6987;7003;6988;12661;13310;12663;12662;
6992;6990;6989;6975;6954;6949;6948;6938;6939;6940;6941;6942;6946;6947;6943;6944;6953;6977;6950;6945;6951;6952;6981;6982;6985;6986;6983;6984;6980;6979;6978;6972;6955;6971;6976;6935;6936;6937;6931;6930;6933;6963;13305;7204;12660;13309;13303;12659;7203;6932;6934;12683;12682;12685;6929;12684;13302;13737;13738;
6959;6958;6957;6962;6964;6961;6967;6965;6966;6970;6969;6968;7109;7026;6960;6956;6973;6974;7024;7023;7025;7022;7030;7100;7118;7117;7115;7116;7111;7112;7110;7113;7114;12657;12656;12655;12658;
6745;6776;6738;6736;6740;6742;6743;6760;6759;6758;6761;6756;6753;6752;6775;6773;6772;6768;6770;6771;6763;6765;6764;6766;6767;6769;6774;6744;12695;13304;13461;6754;6755;13462;12694;6735;6739;6737;6748;6757;12696;6746;6741;6747;12698;13306;12697;6749;6751;6750;12693;6762;6777;12692;12686;12687;6778;12688;13307;13308;13465;13460;12690;13466;12689;13464;12691;13463;13740;13878;13741;13882;13883;13885;13880;13879;13884;13881;13699;13736;13735;13467;13591;13739;
5108;5106;5074;8120;5085;5086;7525;7934;7933;5083;7932;5084;7521;7524;7523;8118;7526;8119;8050;7520;7522;8141;8049;8145;8146;8142;8137;8051;5186;5187;8140;8143;8139;5107;7528;5277;5070;5104;5274;7527;5072;5073;8138;8108;5275;8109;5278;8117;5203;12970;12354;12356;
5080;5079;8124;5087;13000;5081;5204;5082;5088;5206;5205;7519;2353;2354;2158;7935;8130;2159;2160;2157;8131;5109;5110;2170;2161;2173;5177;2156;2154;2155;2139;2177;2140;8126;5115;8121;2167;2172;5114;5113;5112;8127;2178;2176;7477;2175;8125;2181;2179;2174;8122;2183;2180;7936;2182;2171;8123;5111;12364;12362;12363;12971;12948;12947;12360;12361;
5182;2169;5179;5164;2168;2153;8132;2162;2191;2166;2165;2164;5180;2163;5181;2141;5178;2142;2150;2145;7915;8152;2190;8158;8155;8154;8149;8153;8144;2188;5183;2189;2147;7931;2144;8128;5078;8157;8156;7761;2152;2151;8159;8161;8151;2149;5165;2096;5122;2097;7930;2143;2148;8162;8160;12487;12486;
2099;5171;2100;2146;2106;5124;5172;5168;2187;2186;2185;2114;5123;8129;2105;7924;7799;2095;2098;5121;5120;7916;2101;2094;5125;2103;2102;2104;5173;5167;2109;2113;5159;2110;5166;2111;2108;2059;2058;2061;2060;5119;2093;5174;5176;2112;2184;5170;2057;12490;12489;12488;13105;
2053;2056;2062;5126;2054;5169;2052;2045;2037;2036;5117;2044;2035;2038;2040;2039;2042;2043;2048;2049;2065;2064;2063;5160;5118;2092;7923;2055;5163;5157;5156;2136;2135;5152;2050;2066;5153;2137;5161;2107;5158;2138;5155;7697;7696;7695;8586;12493;12492;12491;13104;
8148;8133;8163;8135;8166;5294;8136;5296;5276;8134;8147;7759;8150;7760;7974;7982;7755;7756;7984;7985;5295;5291;7991;5293;5292;7992;7993;7990;7989;7988;7754;7757;8164;8167;8165;7994;7987;7986;7981;7983;7979;7966;7700;7975;7976;7973;7758;7971;7972;7980;7970;
5202;5201;5200;5279;5280;7529;7531;7532;7546;7545;8169;7542;8173;5287;5286;5285;8111;5289;5105;8112;5184;5185;8114;5197;7530;5281;5198;5199;5282;8115;7551;7552;5288;8110;5290;7550;7549;7547;7543;8174;7548;5283;8116;5284;8113;7556;8194;8195;8196;7995;8191;8197;8198;8192;7555;7544;8168;7541;12351;12352;12353;12349;13002;13001;12350;
8170;7538;8172;8171;7578;7553;7565;7566;7580;7579;7583;7513;5091;5090;2192;7539;7534;7514;7558;7535;7581;7582;7584;7585;7567;7839;7589;7588;7502;7537;7560;5092;7497;7512;7511;7510;7518;7561;7559;7504;7503;7587;7590;7650;7649;7586;7838;7999;12345;12346;12348;7533;7536;12347;7540;
7692;7691;8587;8597;8591;8595;8589;8588;8594;7698;8593;8592;7686;8609;8610;8620;7596;7597;7598;7967;7969;7977;7978;7968;7699;7694;8590;7669;8603;8601;8599;7671;7670;7693;8598;8600;8605;8602;8596;8604;8606;7687;7602;7689;7690;8608;8607;7688;5144;7595;7848;7847;7665;
8621;8624;8622;7653;8000;7997;7562;8190;8188;8189;7996;7666;7573;7667;7668;8193;7554;7563;7557;7564;7569;7568;7571;7577;7572;7570;8001;7660;7851;7594;7664;7576;7574;7575;7852;7849;7850;8627;7654;7998;
1927;1934;1926;1929;1923;1947;1942;1924;1925;1943;7515;1992;1938;1936;1944;1957;8177;1946;1932;1935;1933;1930;1937;5188;5189;1956;7516;1994;5093;1993;7507;1995;7508;1999;1998;1996;8184;8180;8008;1950;1931;8183;1948;8176;1949;1939;8175;1997;8179;7244;1988;1951;1964;12319;12318;12317;8178;1945;12344;13014;
8182;8009;1928;1940;1941;1963;1969;8574;5195;1965;8181;1968;1967;1987;1966;1984;1986;1985;2008;2010;2011;2009;1955;7517;8617;2015;2012;2013;2014;1962;1958;5196;1959;7238;1954;1953;1952;8007;1960;5094;5097;5096;8003;12320;13016;12323;12322;13015;12321;
1979;8004;1961;1980;8005;7234;7240;7479;7480;7481;2029;2024;1975;7241;1970;1973;1972;7236;1971;7237;3027;8006;5103;2027;7242;2028;7243;2034;7235;7239;2033;2030;7484;2026;1974;1976;2023;5102;2021;2032;2031;7483;7482;7485;12325;12324;12326;12327;1978;13017;
7509;5190;7505;5191;7506;7591;7651;7655;7652;7840;7661;7679;7681;8554;8552;8553;8444;8445;8446;2016;2019;2003;2001;2000;2002;2004;5193;7674;7673;8551;7680;7662;7663;7645;7648;7646;7647;7592;7593;5192;5194;8442;7675;8186;8187;8185;8443;2007;
2006;8002;2005;3028;3026;3025;2017;7606;2018;7685;7684;7605;7683;8555;7682;8576;8578;8575;8581;8572;7638;7639;8571;8573;8580;8577;8565;8564;8562;7672;7604;8559;5095;2020;7486;7488;7603;7644;8556;8558;8557;7643;8563;8579;8560;8561;7641;7487;
7494;7495;7493;7490;7492;5101;5100;7710;2022;1977;5099;5098;8095;8096;7752;8102;8103;8099;8409;7633;8100;8101;8093;7634;8411;8412;8452;7642;7608;8451;8450;7609;7496;7489;7631;7491;7632;7636;7635;8097;8094;8098;1991;8092;7706;8449;8454;8457;7707;12328;13018;
2041;2047;2046;2067;2068;2069;2071;8048;2075;8341;2085;2087;2086;5162;2051;5175;7922;2070;2073;2074;7920;2084;8311;2072;2091;5154;5147;7919;2083;7917;2077;2076;5149;2080;8337;12495;7921;2089;5146;2090;2088;7918;2082;2081;5148;8339;2078;7929;12496;12497;13100;13101;12494;13103;
7656;7657;7659;7658;7845;8626;8625;8616;8623;8619;8618;8613;8615;8611;7622;5130;7621;7619;7676;7841;7677;7637;7620;8570;8569;7599;7678;7819;7844;7818;7607;7842;7843;7846;8614;7762;7856;8567;8568;8566;7614;7618;7855;7617;7615;2130;5131;2129;8612;
5145;2134;5143;3017;5141;5140;5139;2128;5137;2121;2120;5142;2122;5136;5135;2119;2124;5133;5138;5132;2127;8338;5150;7797;8340;7796;7616;3020;2123;5134;2133;5151;3018;2125;2132;2126;5127;5128;8585;5129;3024;2116;7728;3021;2115;2079;12498;
7798;7795;3022;3023;7804;7744;7800;7801;7745;8531;8544;8541;8530;8523;7746;7802;7803;8525;8543;8522;8528;2118;7600;7601;3019;2131;8529;8526;7805;7806;7807;2117;8527;7732;7731;7793;7790;7791;7792;7794;7764;7765;7763;8518;8521;8540;12502;12499;
7640;7610;7612;7928;7927;7613;7926;7925;7625;7627;7626;8076;8083;7854;8075;7611;8084;7623;7628;8080;8077;8082;8085;7624;7630;7629;8456;8447;8448;8410;7704;7702;8453;8455;8078;8545;8081;7701;7703;8079;8074;7721;7720;7719;7705;7713;7730;7716;8073;7729;7718;8461;8546;8548;8542;7853;
1990;8090;1989;8089;1983;8088;1982;7725;8105;8086;8087;8091;8106;7751;7753;8014;8013;8584;8104;8107;7743;7708;7712;7478;7749;8010;7711;7717;7714;8460;7715;8459;8458;7955;8257;7956;8404;7954;3415;7888;7739;7894;7738;7748;8407;8406;8408;7742;7741;7709;8405;7740;7747;7750;1981;7726;12331;12330;8012;12329;13200;13020;
7735;7882;7724;8011;3414;7892;7890;7893;7889;7953;7861;7877;8015;8024;7862;7876;3406;7895;7733;3410;7829;7883;7723;7722;3407;7885;7884;7736;3413;3412;7734;3411;7887;7886;3409;12335;12333;3408;8582;7833;8023;8021;8017;8020;7827;7828;7727;3405;12334;7859;7737;7891;12332;13021;13749;
7860;7878;7881;8462;8533;8534;8536;8535;8547;8549;8550;8539;8538;8524;8520;8519;8465;7872;7871;7857;7837;8463;7874;7879;8537;8532;8464;7880;7873;7858;7863;7864;7865;7867;7868;7778;8047;7779;7772;7771;7770;7768;7766;7769;7767;8466;7870;7869;12520;13099;
7875;8270;8271;8376;8377;8272;8269;8378;8379;8375;8268;7866;7776;8336;7777;7773;8373;8039;7774;7775;7781;8040;8258;8266;7780;7782;8259;8045;7788;7783;8046;8260;8262;8263;8273;7835;8036;8037;8038;8275;8276;8374;8274;7836;7834;12522;12521;13098;13097;
8032;8027;8034;8035;8026;8025;7824;7825;8016;8018;8019;8583;7826;8022;7823;8028;8030;8029;7822;8380;8382;8279;7817;8384;8031;8033;7832;8383;8381;8319;8393;7820;8261;8041;7816;7789;8308;8390;8394;8392;8391;8281;8277;12339;7821;7784;7785;12337;12340;12338;13023;12336;13022;13748;13750;13752;13751;
7786;8264;7808;7813;7811;7809;7787;7810;8265;7812;7814;7815;8304;8303;8302;8278;12525;8306;8305;8318;8399;8400;8401;8310;7831;8043;8042;8307;8348;8342;8397;8385;8396;8398;8395;8402;8403;8309;7830;8044;8267;12527;12524;12523;13096;
8388;8386;8387;8389;8320;12341;8280;8282;8283;8321;8284;8285;8287;8322;8335;8349;12526;8350;8347;8331;8333;8351;8370;8323;8334;8332;8330;8328;8329;8327;8326;8324;8288;8286;8371;8368;8325;8312;8315;8314;8367;8366;8364;8359;8372;8369;8353;8363;12528;8346;8360;8365;8361;12343;13047;13044;12342;13024;13444;13095;
8357;8355;8356;8313;8316;8317;8354;8358;8352;8344;8345;8294;12530;8298;8291;8292;8293;8295;8296;8343;12532;8297;8290;12535;12533;12534;13045;8289;8299;8301;8300;13048;13046;12529;13093;12531;13442;13443;13441;11395;13445;13754;13795;13094;13794;
1919;1921;1920;5116;7500;1906;12484;12485;1905;12483;12476;12475;12474;1909;8220;7952;1915;1878;1913;1910;7501;1907;1911;8221;1912;1914;8219;1898;1880;8210;1879;8218;1904;1903;7499;1916;7914;1917;1922;1918;12367;1908;12366;12940;12365;12939;12368;1881;1902;8214;13106;13107;
8230;1901;8216;1900;1877;12369;12370;12371;1887;1896;1888;8229;8226;1894;7909;7913;1843;8213;8212;7912;8227;1897;1895;1889;1836;12473;7498;1850;1890;1899;1891;8228;1834;1835;1845;8217;8215;1892;1893;1854;1844;8224;1842;12472;8225;1868;8223;1870;1859;
8252;1848;6859;1833;8231;8254;7905;1832;1860;8249;1865;7906;1861;1849;8251;1847;1862;8253;7950;8250;1867;8233;2398;1831;7907;12374;12372;1841;1839;7951;1837;1857;12373;1840;1838;8255;1855;1852;7908;1851;1856;1846;1853;5234;8232;1864;7903;1863;7904;1876;8209;1875;12375;12930;12386;12933;
1866;1883;7902;7901;2372;2386;2359;2356;8236;2370;8207;2371;8237;6853;2360;8211;1884;1872;1858;1869;8222;1873;8248;1871;1874;7911;7910;2362;1886;5235;6857;1882;8208;1885;2361;7900;8247;2375;8246;2388;5222;8202;7942;2387;7898;7899;2355;5207;12468;12469;12470;12471;2385;12934;12388;12389;12935;12390;12387;
6858;2357;8238;2358;7937;2365;2364;8240;2403;12465;12466;12467;6855;8206;8243;2393;6852;8201;2378;2389;2390;8200;2395;2392;8199;2384;8203;2391;2380;2381;2363;2404;2408;2407;2374;7941;6854;2376;2377;7940;2382;2406;8241;5210;2368;12464;
2373;7947;5229;2383;8235;2397;2379;5220;5209;6856;8245;7897;7943;2405;7939;5208;7945;5219;8244;5227;7944;7938;2410;5218;5226;5217;7949;5232;5243;5239;5230;8205;5221;5228;5238;8234;5231;8204;7946;12392;12391;5236;5240;5244;
2409;2394;2369;8242;8239;2366;2367;2396;12463;12450;7948;2399;5245;5225;5223;7896;5211;5212;5224;5215;5216;5213;5214;5233;5263;5262;5251;2400;5247;5246;5264;5268;5252;5248;12449;2402;2401;5265;5271;5269;5270;5253;5250;5242;5249;
5257;5266;5259;5258;5256;5260;5254;5241;5237;2411;5255;5261;9086;9217;9174;9172;5267;9173;9171;9178;5272;9179;9963;9961;9964;9962;9969;9970;9091;9090;9094;9097;9176;9175;9222;9219;8740;9218;8742;8741;9223;9221;9220;9499;8739;9098;12393;12394;12395;12932;12936;12938;12937;
8635;12403;12402;12401;12408;12407;12406;10025;10024;10026;10031;10027;10033;12959;10032;12955;12960;12975;12409;8639;8638;8637;8645;8745;9844;8648;8646;9949;5069;8644;8849;8631;8640;8641;8632;8633;8630;8636;8634;8629;12956;8676;8642;10034;8677;12928;12929;12984;12987;
8643;9948;8657;8647;8746;8688;8760;8689;8652;8649;9843;8729;8653;8650;9947;8651;9946;9917;8654;8730;8764;8747;8731;8690;9845;8694;8656;8663;8655;8687;8696;8693;8691;8944;8943;8765;8949;8948;8945;8698;8695;8947;8744;8692;9853;8754;8658;8675;8814;12410;8659;8761;8946;8697;12400;12399;12961;12411;12976;
8660;8848;8668;8846;8662;8667;8666;8679;8847;8793;8664;8880;8665;9864;12413;8678;8682;8683;8684;9846;8779;8763;8758;8752;8669;8661;8893;8670;8671;8673;8861;8751;8799;8804;8805;8755;8672;8753;8756;8759;8762;8757;8681;8680;8843;8806;8802;8917;8748;8794;8685;9863;12412;12977;12414;12983;
8674;8750;8703;8704;8705;8699;8950;8951;8952;8732;9911;8856;8855;8859;8862;8860;8857;8733;8734;8700;8863;8858;8701;8743;8702;8797;8796;8798;8801;8876;8875;8869;8871;8870;8878;8881;8877;8885;8886;8884;8882;8879;8873;8872;8864;8965;8966;
8767;8708;12417;8768;8770;8771;9866;9865;8749;8850;8766;8711;8800;8686;12415;8716;8707;8706;8840;9867;8719;12418;8842;8709;8773;8790;8718;8712;12416;8714;8717;8710;8841;8715;8817;8816;8819;8815;8789;8786;8772;8713;8803;8908;8915;8914;8913;8769;12979;12978;12981;12982;
8728;8727;8720;12419;12420;8721;8774;8795;8787;8775;8726;8831;8844;8724;8725;8722;8723;12421;12422;8782;8852;8777;8845;8785;8820;8781;8822;8823;8827;8902;8900;8899;8892;8788;9847;8895;8832;8826;8778;8776;8853;8903;8829;8825;12927;12926;
8791;8888;8887;8854;8838;8833;8818;8891;8889;10003;10004;10010;10016;10013;10011;8897;13720;13719;9852;9854;9850;8905;9848;8906;8988;8907;8835;9849;8834;8837;8894;8836;8792;8890;8839;13702;13701;10001;10002;10012;10015;10017;10018;10019;10231;13700;8898;8896;10009;10006;10008;10007;10005;13718;10014;
9856;9860;9858;9859;8974;8975;8883;8874;8972;8968;8971;8970;8967;8969;8978;8977;8973;8980;8981;8982;8983;9877;8984;8979;9862;8985;8987;8986;9861;9857;9855;8976;9851;8909;8911;8910;8916;8912;
13710;13711;9020;9879;9077;9078;9079;9080;9009;9010;9008;9003;9002;9870;9868;8994;8997;8995;8992;9874;8989;8993;8990;9869;9872;8991;13703;13706;9875;9873;8999;13707;9000;9871;8998;9001;13708;13709;13712;8996;10305;13705;13717;
8737;7962;8813;5297;12398;9054;8736;8735;8808;8738;9842;8807;8809;9941;8812;9841;9939;9940;9943;9944;9942;9918;8811;9052;9051;9053;9056;8954;8956;8957;8955;8961;9060;9230;8963;9945;9055;9058;8953;9050;9057;9059;8810;12396;12397;
8964;9916;9914;8962;9049;9062;9061;9227;9229;9228;9495;9903;9904;9909;9908;9047;9048;9496;9063;9064;9066;9073;9044;9043;9072;9076;9069;9075;9067;9065;9074;9006;9007;9005;9915;8866;8959;9910;9912;9913;8958;8960;9068;8865;8868;8867;9026;9071;9070;9042;9041;9493;
9016;9692;9693;9691;9696;9045;9046;9039;9697;9695;9694;9883;9015;9028;9027;9018;9017;9882;9885;9884;9886;9888;9024;9032;9031;9004;9014;9013;9022;9033;9035;9029;9037;9034;9038;9036;9040;9699;9698;9023;9889;9348;9345;9350;9349;9709;9710;9715;9347;9346;9180;9030;9712;
9887;9876;9878;9881;9890;9880;9025;9102;9104;9183;9185;9182;9190;9624;9187;9623;9628;9629;9083;9082;9021;9019;9103;9626;9622;9191;9625;9627;9186;9105;9184;9106;9081;9181;9189;9200;9188;9201;9203;9361;9362;9363;9354;9084;9351;9353;9352;
9358;9359;9762;9357;9761;9085;9355;9356;9364;9365;9204;9366;9777;9778;9781;9775;9776;9760;9765;9764;9763;9766;9774;9780;9779;9767;13713;9360;9011;9012;13714;9770;9768;9773;9586;9759;9589;9584;9772;9769;9771;10315;10316;9580;9585;
9500;9498;9936;9501;9245;9502;9933;9937;9497;9929;9177;9095;9504;9093;9089;9088;9092;9129;9130;9503;9922;9096;9505;9928;9931;9935;9938;9921;9927;9930;9934;9932;9923;9926;9925;9224;9247;9246;9225;9226;9902;9924;9919;9131;9128;
9905;9906;9901;9488;9486;9244;9248;9920;9243;9231;9148;9232;9233;9234;9236;9241;9237;9242;9240;9249;9250;9251;9238;9483;9485;9239;9252;9484;9490;9491;9494;9487;9489;9907;9492;9235;9146;9145;9143;9125;9141;9147;9126;9136;9137;9139;9140;9144;9900;9121;9135;9142;9138;
8921;9392;9385;9950;5273;9953;9954;9951;9952;9965;9968;9966;9960;9957;9388;9971;9959;9967;9955;9956;9387;9386;9291;12446;8926;8925;8922;9384;12447;12448;8920;8919;8918;8924;8923;12538;8927;8928;8930;8929;12445;9393;9394;9404;9395;9396;12537;13115;13116;12536;13114;
9958;9389;9390;9391;9087;9127;9122;9124;9379;9831;9833;8940;12539;8932;8931;8933;12444;9399;9398;9402;9403;9401;9405;9123;9397;9293;9383;9101;9099;9400;9279;8941;9283;9278;9289;9290;12540;9100;9382;9381;9280;8942;9260;9838;9837;9834;9835;9832;9830;13117;
9380;9829;9828;9827;9836;9839;9840;9438;9281;9282;9284;9285;9286;9433;9411;9277;9276;9287;9288;9292;12541;12542;9407;9406;9409;9891;9408;9443;9441;9437;9436;9261;9254;9256;9257;9132;9134;9133;9258;9255;9253;9259;9434;9410;9440;9439;9435;9897;9273;9452;
9270;9892;9269;9272;9898;12544;9265;9294;9296;9445;9271;12543;9274;9268;9453;9455;9447;9446;9295;9298;9297;9267;9263;12545;9896;9262;9264;9266;9899;9275;9414;9415;9413;9412;9448;9449;9457;9454;9456;9299;9460;9301;9302;9300;9464;9459;9450;9451;9444;9465;9461;13118;13119;
9416;9417;9424;9425;9426;9532;9535;9536;9534;9530;9526;9527;9162;9166;9308;9670;9669;9667;9666;9418;12546;12548;12547;9160;9420;9423;9668;9307;9306;9303;9432;9429;9895;9421;9894;9304;9893;9161;9419;9422;9428;9430;9427;9431;9537;9528;9529;9531;13120;
9305;12552;10206;10000;10215;9682;9680;9678;9309;9167;9672;9671;9662;9665;9661;9677;9679;9681;10212;10211;12549;9674;9673;9675;9660;9664;9663;12550;9676;10209;10208;10207;12551;10210;10203;10205;10350;10216;10351;10348;10347;10344;10349;13121;
9442;9458;9476;9539;9544;9475;9545;9543;9467;9462;9463;9466;9546;9548;9549;9550;9551;9553;9566;9565;9556;9555;9557;9482;9478;9477;9479;9538;9469;9468;9472;9561;9562;9481;9473;9552;9559;9560;9547;9471;9474;9542;9541;9540;9480;9563;9558;9564;9567;9569;9568;9554;
9150;9155;9154;9153;9641;9636;9635;9116;9115;9117;9374;9631;9375;9634;9376;9377;9378;9640;9642;9630;9156;9119;9152;9151;9149;9118;9797;9800;9806;9805;9804;9632;9120;9802;9633;9644;9645;9643;9798;9801;9803;9799;
9158;9157;9159;9807;9812;9813;9646;9613;9702;9612;9648;9816;9822;9647;9815;9814;9821;9817;9811;9823;9820;9658;9657;9819;9826;9825;9824;9649;9610;9609;9608;9607;9614;9790;9611;9603;9337;9606;9605;9213;9650;9654;9651;9653;9652;9810;9809;9655;9656;9659;9808;9818;
9637;9638;9639;9700;9701;9791;9792;9789;9619;9705;9717;9703;9788;9704;9718;9716;9706;9707;9714;9720;9721;9708;9711;9713;9719;9723;9722;9724;9787;9785;9786;9344;9343;9620;9795;9796;9794;9793;9615;9616;9617;9621;9618;
9338;9604;9601;9340;9339;9206;9602;9205;9341;9342;9202;9367;9368;9207;9211;9597;9208;9754;9598;9784;9783;9782;9369;9591;9371;9370;9600;9590;9588;9752;9753;9756;9111;9114;9599;9595;9210;9594;9596;9592;9593;9110;9113;9755;
9209;9214;9336;9570;9335;9334;9324;9331;9333;9332;9738;9690;9745;9746;9747;9743;9744;9739;9731;9109;9108;9572;9733;9372;9373;9107;9212;9575;9573;9574;9734;9742;9215;9216;9571;9732;9735;9740;9741;9737;9736;
9316;9197;9199;9315;9322;9323;9329;9330;9328;9327;9686;9312;9310;9164;9163;9525;9523;9533;9516;9470;9512;9519;9318;9317;9320;9319;9514;9515;9518;9517;9520;9521;9522;9508;9506;9507;9524;9192;9313;9314;9325;9321;9326;9513;9509;9510;9511;9198;9165;9685;9751;
9168;9169;9170;10214;9193;9196;9195;9194;9311;9687;9684;9683;9689;9688;9727;9726;9750;9728;9725;9749;9748;10370;10213;9729;9730;10381;10341;10409;10342;10428;10408;10380;10371;10379;10393;10406;10407;10427;10429;10424;10345;
10398;10394;10382;10372;10383;10373;9579;10217;10226;9757;9112;9578;9577;10378;9576;10374;10384;10403;10401;10395;10397;10400;10399;10377;10376;10386;10396;10385;10375;10228;10182;10227;10220;10183;10181;13722;13721;10184;10192;10219;9758;10218;10404;9587;
12423;10259;12426;12427;10264;10261;10260;10263;10262;10268;10256;12425;8851;8780;8784;8783;8824;10238;10239;10249;10250;10284;10283;10248;10257;10312;10313;10314;10255;10245;10247;10258;10270;10269;10271;12430;10266;12431;10265;12429;10267;12436;12434;10282;10246;12432;12433;12477;12428;12424;
8821;8828;8830;8904;8901;10241;10243;10244;10232;10306;10308;10307;13704;10309;10317;10328;10230;10322;10321;10318;10242;10310;10237;10236;10240;10235;10234;10233;10252;10253;10254;10311;10251;10285;10286;10299;10287;10325;10323;10324;
10288;10300;10319;10298;10296;10295;10297;10292;10290;10291;10289;10277;10276;10280;10273;10272;10279;10281;12438;10275;10274;10278;12437;10294;10293;12435;12440;12439;12925;13035;13081;13041;
10153;10152;10155;10156;10166;10154;10194;10193;12442;10195;10196;12441;12443;10151;10150;10149;10147;10165;10169;10158;10112;10111;10170;10171;10320;10160;10161;10168;10326;10164;12880;10148;10157;12882;12881;12893;13026;13037;13036;13040;13089;13090;13088;
10304;10301;10302;10336;10338;10337;10333;10331;10303;10327;10329;10330;13716;13715;10332;10229;10163;10162;12892;10167;10172;10190;10189;10339;10335;9582;9581;9583;10185;10187;10222;10334;10340;10191;10179;10188;10175;10221;10173;10186;10174;12894;
10204;10202;9985;12553;9984;9983;10360;10367;10365;10366;10352;10369;10361;10364;10201;10363;10362;10200;10199;9986;12554;9982;9987;9988;10223;10143;10359;10124;9991;9990;12556;9989;10354;10355;10343;10353;10411;10410;10368;10346;12555;13148;13122;
10356;10357;10416;10197;10141;10198;10390;10405;10402;10392;10389;10423;10426;10425;10358;10412;10413;10414;10422;10415;10420;10417;10419;10418;10421;10391;10387;10388;10180;10176;10177;10178;10138;10140;10137;10139;10136;12895;13025;10142;13028;
10121;10116;10117;10092;10090;10088;9994;9992;10118;10119;13317;10078;10043;9996;9995;10083;10079;13318;13319;13320;10071;10084;10085;10087;10086;10080;10072;13321;10070;10069;10077;10082;10081;10073;10059;10068;10074;10075;10076;10066;9974;9973;9972;10067;9979;13322;9980;10058;10057;10062;10060;10051;10044;10041;10042;10064;10063;10065;10061;10049;10045;10040;9978;13323;9976;9981;
10110;13027;10113;10114;10115;13030;10132;10107;10106;10105;10104;13033;13032;10133;10159;12885;10134;10135;12887;12886;12884;12883;1439;12896;13031;13029;10131;10130;10129;13313;13315;10102;10103;10109;10145;10225;10127;10099;10108;10128;10089;10096;10101;13314;10100;10097;10224;10144;10125;10126;10122;10095;13316;10094;10098;10091;10120;10146;10123;13038;13034;13039;
12557;9993;10050;10046;10093;12561;10052;12566;12565;10055;10056;10054;10053;12564;12563;12562;10037;12568;9977;9975;13324;10038;10047;10039;10048;12558;9999;9998;12559;9997;13325;13425;13589;13544;13561;
972;984;981;983;976;975;977;979;985;982;978;986;12878;12876;971;12875;970;12891;12889;969;12890;12888;12874;968;966;12873;13162;13161;13160;987;12872;967;973;974;12870;13158;12879;12871;980;
6850;958;962;12189;963;961;6847;951;6848;6849;6851;956;955;954;12188;952;964;950;12193;957;12192;959;960;953;12190;12191;13152;13151;914;13131;913;12187;13139;13142;13141;13140;13147;13144;13146;13138;13154;13153;
12086;2273;12083;6574;2271;2272;12066;12084;12065;2274;12063;12100;12064;12071;12077;2279;3013;2280;2275;2278;3014;2281;6892;12087;12101;12081;2277;2276;6504;6637;268;267;7246;266;12074;269;7355;12082;12085;12079;12080;12078;
13244;13245;13246;13247;13250;13248;13252;13251;13253;11421;12621;12625;11420;11419;13249;13257;13255;13254;
12762;3479;5898;5899;5896;12763;3476;5895;5897;5907;5906;3478;5903;5900;5901;5902;3477;12764;5910;12761;5909;5908;5919;5918;5911;12713;5913;5905;5904;12765;5912;12766;5915;5914;12712;5916;5928;5917;5930;5922;5923;5920;5921;5926;12711;12760;5937;12759;5927;13339;13340;12842;12843;
5936;5935;12729;5934;12730;12727;1516;1517;5952;5947;5944;5940;12732;5943;5941;12768;12767;5942;5949;5938;5939;5929;5931;12710;5932;5933;5950;5954;12709;5955;5953;5951;5945;12731;5948;12707;5946;12706;12708;1475;1515;1476;1506;1507;1503;1504;12733;13301;3527;13337;12844;
12705;1505;1499;1483;1495;6719;12726;1484;1480;1482;1479;1481;6718;1508;1514;6717;12632;1513;1492;1511;1486;1494;1497;1498;1490;1509;1488;1493;1485;1478;1487;1491;1489;1510;1501;1496;5578;1512;1500;5579;1502;12725;1558;12723;12776;12724;12628;1477;12780;
1557;1555;1556;12627;1532;1548;1533;1531;1529;1535;1559;12626;1525;1530;1519;1520;1522;1521;1528;1527;1526;1523;12634;1524;1518;1551;6716;12629;1554;5580;1576;12635;1567;1562;1563;1566;1565;12636;1564;5581;1575;1568;1569;1572;1571;12637;1570;1573;1574;1577;12633;12631;12630;13260;11426;13259;13275;13258;13289;13288;13270;
11468;1578;11463;11469;12638;11470;12639;11472;11471;12644;12645;11479;12642;11480;12643;11486;11482;11484;11485;12704;11481;12703;12641;11483;12699;11487;12700;11478;11476;12701;11473;11467;11460;11461;12646;11462;11477;11475;12734;11474;11457;11458;12640;11459;11465;12702;12678;11466;12728;
8514;8512;8511;12677;8507;8506;8508;8502;12737;12736;8503;8499;8485;8484;8501;8500;8504;11422;8513;12735;8505;8509;8510;8498;8491;8497;8496;8494;12676;11464;12680;8495;8492;8493;12667;8488;8486;12666;8517;8489;8487;8479;8515;8478;8477;8481;8482;8483;8490;8516;8480;13335;11427;13336;
8470;8469;8468;8473;8472;8475;8474;8476;12738;11423;12741;11452;11453;11425;12743;11424;12739;11455;11454;13449;11456;8471;8467;12670;12742;11500;11501;11502;11499;11503;13448;12740;13401;13578;13585;13579;13574;13575;
13459;13458;11489;11491;11488;13452;11490;11492;13451;11495;11496;11497;11498;11493;13453;13402;11494;13450;13586;13468;11448;11445;11447;11446;11449;13454;11443;11444;11442;13455;11439;11440;11441;11438;13580;13457;11450;13456;11437;13581;13621;13620;13613;13618;11436;13614;13612;13619;13582;13593;13592;13615;13584;13611;13610;11432;13583;11434;11433;11435;13400;13617;13616;13594;13595;13604;
13650;13651;13658;13653;13673;13652;13654;13655;13656;13628;13627;13698;13626;11508;11507;11506;13695;13384;12567;13389;13603;13609;13608;13605;13596;13641;13601;13597;13606;13607;13602;13600;13598;13635;13643;13644;13640;13642;13639;13634;13637;13636;13599;13625;13624;13670;13690;13688;13687;13689;13678;13623;13682;13675;13684;13683;13676;13671;13657;13672;13674;13659;13685;13686;13681;13680;13661;13662;13664;13665;13694;13663;13692;13691;13667;13697;13693;13889;13696;13669;11505;13385;11504;13668;11511;10946;10950;13386;10949;10951;10952;12863;10948;10947;10945;12865;13392;13391;13393;13666;13660;13679;
13416;13420;13417;13421;13418;13413;11977;13516;13515;13724;13723;13787;13725;13789;13788;13790;13419;13414;11404;13406;13423;13422;13471;13470;13475;13517;13474;13518;8938;8939;8937;13403;8935;8934;8936;13405;13520;13519;13524;13521;13555;13554;13525;13567;13568;13523;13566;13563;13560;13587;13564;13565;13556;13552;13522;13472;13469;13404;13473;13415;11976;
13815;13817;13818;13819;13509;13793;13802;13801;13803;13808;13807;13809;13810;13813;13811;13816;13798;13805;13804;13806;13814;13812;13508;13507;13792;13800;13799;13791;13820;13796;13797;13514;13727;13510;13427;13726;13513;13511;11981;13430;13431;13506;13436;13429;13428;13102;13434;13435;13440;13438;13433;13505;13424;13432;13437;13426;11980;13409;13503;11978;13408;11979;13512;13411;13412;13410;13407;13504;13502;13485;13486;11403;13129;13439;13501;13500;13497;13498;13499;13496;13495;13540;13542;13541;13482;13492;13494;13484;13483;13480;13490;13476;
13108;13109;13111;13127;13128;13126;13112;13113;13125;13479;13493;13477;13481;13478;13537;13539;13533;13491;13538;13532;13531;13530;
13551;13546;13550;13553;13557;13588;13559;13545;13124;13487;13549;13123;13543;13590;13562;13150;13149;13558;13526;13527;13547;13548;13488;13489;13534;13528;13536;13535;13529;
1692;12954;7964;7961;2322;12376;7960;2317;2316;12378;1696;12382;12945;12941;1695;12943;1694;1693;12385;12383;12379;2313;2318;12377;2321;2320;2319;2312;2314;2311;12404;12405;10035;12957;10036;12958;2335;1690;1691;2025;2309;2315;8256;7959;2310;7965;1689;12380;12384;2323;12381;2336;2324;12946;12972;12944;2326;2325;7963;2327;2333;2332;2331;2334;2329;2330;7958;2328;12949;7957;12951;10029;10030;12953;10028;12973;12952;12942;
12967;12969;2352;5089;12359;5071;12355;12357;2349;2351;12358;2348;2347;2342;2340;2341;2339;2343;2337;5077;5075;2338;12950;12963;5076;12962;12968;12974;12998;2350;12996;13043;12999;13052;13065;13066;12997;12994;12988;12964;12966;2344;12965;2346;2345;
13825;13873;13869;13826;13877;13872;13870;13871;13867;13868;13866;13850;13852;13849;13838;13837;13835;13828;13829;13834;13836;13833;11413;13447;11412;13446;13746;13747;13767;13768;13771;13784;13782;13786;13279;13772;13775;13783;13776;13774;13743;13742;13760;13757;13755;13764;13756;13832;13831;13766;13830;13765;13763;13770;13769;13730;13731;13732;13777;13744;13778;13167;13203;13204;13821;13846;13864;13863;13859;13860;13844;13845;13851;13843;13853;13847;13848;13874;13842;13827;13824;13875;13876;13758;13865;13773;13779;13891;
13155;13156;13157;13092;13091;13110;13086;13159;13077;12920;12919;12914;12900;12899;12913;12915;12917;12921;13078;13080;13087;13084;12912;12916;12907;12909;11389;11388;12908;13079;11390;13085;12922;12918;13076;
13082;12992;12980;12986;12985;10020;12989;12993;13067;13068;13072;13070;12991;13083;13075;13074;13073;13069;12995;12911;12931;13042;13050;13055;13071;13053;13056;13057;13060;13058;12990;13890;
13054;13051;13049;13008;13062;13059;13061;13064;13019;13188;13187;13063;13010;13190;13189;13191;13192;13193;13194;13013;13003;13011;13173;
13169;13006;13168;13171;13172;11391;13185;13186;13184;13179;13197;13180;13181;13183;13175;13176;11392;13182;13199;13196;13198;13178;13195;13840;13841;13861;13862;13856;13858;13857;13202;13839;13823;13753;13201;13822;
13629;13648;13633;13630;13572;13631;13398;13399;13632;13394;11431;11430;11429;13645;13646;13647;13649;13638;13573;13395;11428;13338;13396;13576;13577;
13222;13223;13221;13226;13227;13231;13234;13229;13232;13261;13233;13263;13264;13266;13225;11418;11417;13224;11416;13228;13256;13271;13267;13273;13265;13274;13268;11415;13230;
13296;13729;13728;13762;13297;13299;13300;13295;13294;13293;13290;13287;13272;13269;13286;13285;